Rank:0
1.000000 1.000000 1.000000 1.000000 1.000000 1.000000 1.000000 1.000000 1.000000 1.000000 1.000000 1.000000 1.000000 1.000000 1.000000 1.000000 1.000000 1.000000 1.000000 1.000000 1.000000 1.000000 1.000000 1.000000 1.000000 1.000000 1.000000 1.000000 1.000000 1.000000 1.000000 1.000000 
1.000000 0.994604 0.994584 0.984061 0.989401 0.974251 0.984672 0.965594 0.980586 0.958430 0.977297 0.953009 0.974923 0.949493 0.973545 0.947974 0.973211 0.948487 0.973939 0.951021 0.975719 0.955512 0.978502 0.961832 0.982199 0.969778 0.986676 0.979055 0.991753 0.989280 0.997208 1.000000 
1.000000 0.994584 0.978665 0.983986 0.958318 0.974079 0.939862 0.965271 0.924061 0.957907 0.911500 0.952256 0.902583 0.948514 0.897562 0.946808 0.896559 0.947204 0.899598 0.949709 0.906605 0.954264 0.917393 0.960734 0.931638 0.968898 0.948844 0.978443 0.968338 0.988967 0.989280 1.000000 
Rank:1
1.000000 0.994604 0.994584 0.984061 0.989401 0.974251 0.984672 0.965594 0.980586 0.958430 0.977297 0.953009 0.974923 0.949493 0.973545 0.947974 0.973211 0.948487 0.973939 0.951021 0.975719 0.955512 0.978502 0.961832 0.982199 0.969778 0.986676 0.979055 0.991753 0.989280 0.997208 1.000000 
1.000000 0.994584 0.978665 0.983986 0.958318 0.974079 0.939862 0.965271 0.924061 0.957907 0.911500 0.952256 0.902583 0.948514 0.897562 0.946808 0.896559 0.947204 0.899598 0.949709 0.906605 0.954264 0.917393 0.960734 0.931638 0.968898 0.948844 0.978443 0.968338 0.988967 0.989280 1.000000 
1.000000 0.984061 0.983986 0.952925 0.968668 0.923948 0.954693 0.898379 0.942625 0.877222 0.932921 0.861210 0.925925 0.850824 0.921873 0.846337 0.920906 0.847854 0.923077 0.855338 0.928346 0.868601 0.936570 0.887269 0.947487 0.910738 0.960700 0.938137 0.975676 0.968338 0.991765 1.000000 
1.000000 0.989401 0.958318 0.968668 0.918563 0.949291 0.882505 0.932077 0.851634 0.917700 0.827090 0.906684 0.809669 0.899408 0.799858 0.896115 0.797899 0.896929 0.803836 0.901854 0.817525 0.910771 0.838604 0.923414 0.866435 0.939351 0.900053 0.957970 0.938139 0.978491 0.979056 1.000000 
Rank:2
1.000000 0.984061 0.983986 0.952925 0.968668 0.923948 0.954693 0.898379 0.942625 0.877222 0.932921 0.861210 0.925925 0.850824 0.921873 0.846337 0.920906 0.847854 0.923077 0.855338 0.928346 0.868601 0.936570 0.887269 0.947487 0.910738 0.960700 0.938137 0.975676 0.968338 0.991765 1.000000 
1.000000 0.989401 0.958318 0.968668 0.918563 0.949291 0.882505 0.932077 0.851634 0.917700 0.827090 0.906684 0.809669 0.899408 0.799858 0.896115 0.797899 0.896929 0.803836 0.901854 0.817525 0.910771 0.838604 0.923414 0.866435 0.939351 0.900053 0.957970 0.938139 0.978491 0.979056 1.000000 
1.000000 0.974251 0.974079 0.923948 0.949291 0.877135 0.926694 0.835827 0.907202 0.801646 0.891554 0.775777 0.880300 0.758997 0.873817 0.751747 0.872321 0.754197 0.875886 0.766288 0.884438 0.787716 0.897742 0.817875 0.915368 0.855790 0.936677 0.900056 0.960814 0.948849 0.986735 1.000000 
1.000000 0.984672 0.939862 0.954693 0.882505 0.926694 0.830482 0.901847 0.785940 0.881128 0.750529 0.865293 0.725393 0.854878 0.711236 0.850222 0.708409 0.851486 0.716975 0.858664 0.736725 0.871570 0.767137 0.889815 0.807292 0.912773 0.855796 0.939566 0.910747 0.969077 0.969782 1.000000 
Rank:3
1.000000 0.974251 0.974079 0.923948 0.949291 0.877135 0.926694 0.835827 0.907202 0.801646 0.891554 0.775777 0.880300 0.758997 0.873817 0.751747 0.872321 0.754197 0.875886 0.766288 0.884438 0.787716 0.897742 0.817875 0.915368 0.855790 0.936677 0.900056 0.960814 0.948849 0.986735 1.000000 
1.000000 0.984672 0.939862 0.954693 0.882505 0.926694 0.830482 0.901847 0.785940 0.881128 0.750529 0.865293 0.725393 0.854878 0.711236 0.850222 0.708409 0.851486 0.716975 0.858664 0.736725 0.871570 0.767137 0.889815 0.807292 0.912773 0.855796 0.939566 0.910747 0.969077 0.969782 1.000000 
1.000000 0.965594 0.965271 0.898379 0.932077 0.835827 0.901847 0.780631 0.875812 0.734956 0.854961 0.700388 0.840021 0.677965 0.831479 0.668276 0.829606 0.671549 0.834478 0.687705 0.845982 0.716337 0.863787 0.756638 0.887317 0.807301 0.915719 0.866451 0.947857 0.931650 0.982350 1.000000 
1.000000 0.980586 0.924061 0.942625 0.851634 0.907202 0.785940 0.875812 0.729694 0.849696 0.684976 0.829801 0.653233 0.816791 0.635355 0.811070 0.631784 0.812817 0.642600 0.821998 0.667540 0.838361 0.705944 0.861403 0.756652 0.890330 0.817902 0.924042 0.887293 0.961141 0.961842 1.000000 
Rank:4
1.000000 0.965594 0.965271 0.898379 0.932077 0.835827 0.901847 0.780631 0.875812 0.734956 0.854961 0.700388 0.840021 0.677965 0.831479 0.668276 0.829606 0.671549 0.834478 0.687705 0.845982 0.716337 0.863787 0.756638 0.887317 0.807301 0.915719 0.866451 0.947857 0.931650 0.982350 1.000000 
1.000000 0.980586 0.924061 0.942625 0.851634 0.907202 0.785940 0.875812 0.729694 0.849696 0.684976 0.829801 0.653233 0.816791 0.635355 0.811070 0.631784 0.812817 0.642600 0.821998 0.667540 0.838361 0.705944 0.861403 0.756652 0.890330 0.817902 0.924042 0.887293 0.961141 0.961842 1.000000 
1.000000 0.958430 0.957907 0.877222 0.917700 0.801646 0.881128 0.734956 0.849696 0.679770 0.824596 0.638001 0.806696 0.610908 0.796561 0.599200 0.794487 0.603154 0.800538 0.622674 0.814547 0.657269 0.836099 0.705962 0.864488 0.767176 0.898686 0.838643 0.937337 0.917417 0.978793 1.000000 
1.000000 0.977297 0.911500 0.932921 0.827090 0.891554 0.750529 0.854961 0.684976 0.824596 0.632858 0.801558 0.595862 0.786596 0.575024 0.780151 0.570861 0.782394 0.583466 0.793254 0.612533 0.812409 0.657292 0.839258 0.716390 0.872875 0.787775 0.911986 0.868646 0.954984 0.955529 1.000000 
Rank:5
1.000000 0.958430 0.957907 0.877222 0.917700 0.801646 0.881128 0.734956 0.849696 0.679770 0.824596 0.638001 0.806696 0.610908 0.796561 0.599200 0.794487 0.603154 0.800538 0.622674 0.814547 0.657269 0.836099 0.705962 0.864488 0.767176 0.898686 0.838643 0.937337 0.917417 0.978793 1.000000 
1.000000 0.977297 0.911500 0.932921 0.827090 0.891554 0.750529 0.854961 0.684976 0.824596 0.632858 0.801558 0.595862 0.786596 0.575024 0.780151 0.570861 0.782394 0.583466 0.793254 0.612533 0.812409 0.657292 0.839258 0.716390 0.872875 0.787775 0.911986 0.868646 0.954984 0.955529 1.000000 
1.000000 0.953009 0.952256 0.861210 0.906684 0.775777 0.865293 0.700388 0.829801 0.638001 0.801558 0.590783 0.781525 0.560154 0.770311 0.546917 0.768213 0.551387 0.775261 0.573454 0.791235 0.612562 0.815640 0.667608 0.847670 0.736807 0.886167 0.817597 0.929616 0.906646 0.976184 1.000000 
1.000000 0.974923 0.902583 0.925925 0.809669 0.880300 0.725393 0.840021 0.653233 0.806696 0.595862 0.781525 0.555136 0.765307 0.532197 0.758485 0.527614 0.761205 0.541490 0.773348 0.573487 0.794529 0.622758 0.824067 0.687813 0.860942 0.766391 0.903764 0.855412 0.950791 0.951048 1.000000 
Rank:6
1.000000 0.953009 0.952256 0.861210 0.906684 0.775777 0.865293 0.700388 0.829801 0.638001 0.801558 0.590783 0.781525 0.560154 0.770311 0.546917 0.768213 0.551387 0.775261 0.573454 0.791235 0.612562 0.815640 0.667608 0.847670 0.736807 0.886167 0.817597 0.929616 0.906646 0.976184 1.000000 
1.000000 0.974923 0.902583 0.925925 0.809669 0.880300 0.725393 0.840021 0.653233 0.806696 0.595862 0.781525 0.555136 0.765307 0.532197 0.758485 0.527614 0.761205 0.541490 0.773348 0.573487 0.794529 0.622758 0.824067 0.687813 0.860942 0.766391 0.903764 0.855412 0.950791 0.951048 1.000000 
1.000000 0.949493 0.948514 0.850824 0.899408 0.758997 0.854878 0.677965 0.816791 0.610908 0.786596 0.560154 0.765307 0.527230 0.753539 0.513003 0.751567 0.517808 0.759378 0.541528 0.776697 0.583565 0.802965 0.642734 0.837307 0.717113 0.878485 0.803949 0.924892 0.899661 0.974589 1.000000 
1.000000 0.973545 0.897562 0.921873 0.799858 0.873817 0.711236 0.831479 0.635355 0.796561 0.575024 0.770311 0.532197 0.753539 0.508075 0.746667 0.503256 0.749801 0.517850 0.762769 0.551499 0.785134 0.603313 0.816163 0.671723 0.854780 0.754353 0.899542 0.847962 0.948646 0.948526 1.000000 
Rank:7
1.000000 0.949493 0.948514 0.850824 0.899408 0.758997 0.854878 0.677965 0.816791 0.610908 0.786596 0.560154 0.765307 0.527230 0.753539 0.513003 0.751567 0.517808 0.759378 0.541528 0.776697 0.583565 0.802965 0.642734 0.837307 0.717113 0.878485 0.803949 0.924892 0.899661 0.974589 1.000000 
1.000000 0.973545 0.897562 0.921873 0.799858 0.873817 0.711236 0.831479 0.635355 0.796561 0.575024 0.770311 0.532197 0.753539 0.508075 0.746667 0.503256 0.749801 0.517850 0.762769 0.551499 0.785134 0.603313 0.816163 0.671723 0.854780 0.754353 0.899542 0.847962 0.948646 0.948526 1.000000 
1.000000 0.947974 0.946808 0.846337 0.896115 0.751747 0.850222 0.668276 0.811070 0.599200 0.780151 0.546917 0.758485 0.513003 0.746667 0.498348 0.744932 0.503300 0.753220 0.527736 0.771204 0.571042 0.798286 0.631993 0.833556 0.708610 0.875746 0.798058 0.923225 0.896647 0.974029 1.000000 
1.000000 0.973211 0.896559 0.920906 0.797899 0.872321 0.708409 0.829606 0.631784 0.794487 0.570861 0.768213 0.527614 0.751567 0.503256 0.744932 0.498392 0.748366 0.513132 0.761651 0.547115 0.784314 0.599439 0.815597 0.668521 0.854418 0.751959 0.899333 0.846481 0.948551 0.948025 1.000000 
Rank:8
1.000000 0.947974 0.946808 0.846337 0.896115 0.751747 0.850222 0.668276 0.811070 0.599200 0.780151 0.546917 0.758485 0.513003 0.746667 0.498348 0.744932 0.503300 0.753220 0.527736 0.771204 0.571042 0.798286 0.631993 0.833556 0.708610 0.875746 0.798058 0.923225 0.896647 0.974029 1.000000 
1.000000 0.973211 0.896559 0.920906 0.797899 0.872321 0.708409 0.829606 0.631784 0.794487 0.570861 0.768213 0.527614 0.751567 0.503256 0.744932 0.498392 0.748366 0.513132 0.761651 0.547115 0.784314 0.599439 0.815597 0.668521 0.854418 0.751959 0.899333 0.846481 0.948551 0.948025 1.000000 
1.000000 0.948487 0.947204 0.847854 0.896929 0.754197 0.851486 0.671549 0.812817 0.603154 0.782394 0.551387 0.761205 0.517808 0.749801 0.503300 0.748366 0.508206 0.756794 0.532405 0.774728 0.575287 0.801551 0.635639 0.836354 0.711501 0.877893 0.800063 0.924574 0.897673 0.974490 1.000000 
1.000000 0.973939 0.899598 0.923077 0.803836 0.875886 0.716975 0.834478 0.642600 0.800538 0.583466 0.775261 0.541490 0.759378 0.517850 0.753220 0.513132 0.756794 0.527443 0.769854 0.560432 0.791909 0.611223 0.822213 0.678276 0.859714 0.759261 0.903031 0.851002 0.950452 0.949555 1.000000 
Rank:9
1.000000 0.948487 0.947204 0.847854 0.896929 0.754197 0.851486 0.671549 0.812817 0.603154 0.782394 0.551387 0.761205 0.517808 0.749801 0.503300 0.748366 0.508206 0.756794 0.532405 0.774728 0.575287 0.801551 0.635639 0.836354 0.711501 0.877893 0.800063 0.924574 0.897673 0.974490 1.000000 
1.000000 0.973939 0.899598 0.923077 0.803836 0.875886 0.716975 0.834478 0.642600 0.800538 0.583466 0.775261 0.541490 0.759378 0.517850 0.753220 0.513132 0.756794 0.527443 0.769854 0.560432 0.791909 0.611223 0.822213 0.678276 0.859714 0.759261 0.903031 0.851002 0.950452 0.949555 1.000000 
1.000000 0.951021 0.949709 0.855338 0.901854 0.766288 0.858664 0.687705 0.821998 0.622674 0.793254 0.573454 0.773348 0.541528 0.762769 0.527736 0.761651 0.532405 0.769854 0.555419 0.787005 0.596196 0.812500 0.653581 0.845471 0.725711 0.884744 0.809913 0.928826 0.902715 0.975931 1.000000 
1.000000 0.975719 0.906605 0.928346 0.817525 0.884438 0.736725 0.845982 0.667540 0.814547 0.612533 0.791235 0.573487 0.776697 0.551499 0.771204 0.547115 0.774728 0.560432 0.787005 0.591124 0.807558 0.638373 0.835680 0.700748 0.870401 0.776080 0.910447 0.861412 0.954250 0.953080 1.000000 
Rank:10
1.000000 0.951021 0.949709 0.855338 0.901854 0.766288 0.858664 0.687705 0.821998 0.622674 0.793254 0.573454 0.773348 0.541528 0.762769 0.527736 0.761651 0.532405 0.769854 0.555419 0.787005 0.596196 0.812500 0.653581 0.845471 0.725711 0.884744 0.809913 0.928826 0.902715 0.975931 1.000000 
1.000000 0.975719 0.906605 0.928346 0.817525 0.884438 0.736725 0.845982 0.667540 0.814547 0.612533 0.791235 0.573487 0.776697 0.551499 0.771204 0.547115 0.774728 0.560432 0.787005 0.591124 0.807558 0.638373 0.835680 0.700748 0.870401 0.776080 0.910447 0.861412 0.954250 0.953080 1.000000 
1.000000 0.955512 0.954264 0.868601 0.910771 0.787716 0.871570 0.716337 0.838361 0.657269 0.812409 0.612562 0.794529 0.583565 0.785134 0.571042 0.784314 0.575287 0.791909 0.596196 0.807558 0.633238 0.830696 0.685364 0.860534 0.750880 0.896016 0.827357 0.935802 0.911644 0.978293 1.000000 
1.000000 0.978502 0.917393 0.936570 0.838604 0.897742 0.767137 0.863787 0.705944 0.836099 0.657292 0.815640 0.622758 0.802965 0.603313 0.798286 0.599439 0.801551 0.611223 0.812500 0.638373 0.830696 0.680168 0.855509 0.735338 0.886083 0.801964 0.921304 0.877434 0.959803 0.958505 1.000000 
Rank:11
1.000000 0.955512 0.954264 0.868601 0.910771 0.787716 0.871570 0.716337 0.838361 0.657269 0.812409 0.612562 0.794529 0.583565 0.785134 0.571042 0.784314 0.575287 0.791909 0.596196 0.807558 0.633238 0.830696 0.685364 0.860534 0.750880 0.896016 0.827357 0.935802 0.911644 0.978293 1.000000 
1.000000 0.978502 0.917393 0.936570 0.838604 0.897742 0.767137 0.863787 0.705944 0.836099 0.657292 0.815640 0.622758 0.802965 0.603313 0.798286 0.599439 0.801551 0.611223 0.812500 0.638373 0.830696 0.680168 0.855509 0.735338 0.886083 0.801964 0.921304 0.877434 0.959803 0.958505 1.000000 
1.000000 0.961832 0.960734 0.887269 0.923414 0.817875 0.889815 0.756638 0.861403 0.705962 0.839258 0.667608 0.824067 0.642734 0.816163 0.631993 0.815597 0.635639 0.822213 0.653581 0.835680 0.685364 0.855509 0.730086 0.881021 0.786292 0.911315 0.851900 0.945257 0.924205 0.981492 1.000000 
1.000000 0.982199 0.931638 0.947487 0.866435 0.915368 0.807292 0.887317 0.756652 0.864488 0.716390 0.847670 0.687813 0.837307 0.671723 0.833556 0.668521 0.836354 0.678276 0.845471 0.700748 0.860534 0.735338 0.881021 0.780994 0.906223 0.836129 0.935230 0.898580 0.966920 0.965664 1.000000 
Rank:12
1.000000 0.961832 0.960734 0.887269 0.923414 0.817875 0.889815 0.756638 0.861403 0.705962 0.839258 0.667608 0.824067 0.642734 0.816163 0.631993 0.815597 0.635639 0.822213 0.653581 0.835680 0.685364 0.855509 0.730086 0.881021 0.786292 0.911315 0.851900 0.945257 0.924205 0.981492 1.000000 
1.000000 0.982199 0.931638 0.947487 0.866435 0.915368 0.807292 0.887317 0.756652 0.864488 0.716390 0.847670 0.687813 0.837307 0.671723 0.833556 0.668521 0.836354 0.678276 0.845471 0.700748 0.860534 0.735338 0.881021 0.780994 0.906223 0.836129 0.935230 0.898580 0.966920 0.965664 1.000000 
1.000000 0.969778 0.968898 0.910738 0.939351 0.855790 0.912773 0.807301 0.890330 0.767176 0.872875 0.736807 0.860942 0.717113 0.854780 0.708610 0.854418 0.711501 0.859714 0.725711 0.870401 0.750880 0.886083 0.786292 0.906223 0.830796 0.930116 0.882743 0.956868 0.939990 0.985418 1.000000 
1.000000 0.986676 0.948844 0.960700 0.900053 0.936677 0.855796 0.915719 0.817902 0.898686 0.787775 0.886167 0.766391 0.878485 0.754353 0.875746 0.751959 0.877893 0.759261 0.884744 0.776080 0.896016 0.801964 0.911315 0.836129 0.930116 0.877385 0.951739 0.924114 0.975354 0.974309 1.000000 
Rank:13
1.000000 0.969778 0.968898 0.910738 0.939351 0.855790 0.912773 0.807301 0.890330 0.767176 0.872875 0.736807 0.860942 0.717113 0.854780 0.708610 0.854418 0.711501 0.859714 0.725711 0.870401 0.750880 0.886083 0.786292 0.906223 0.830796 0.930116 0.882743 0.956868 0.939990 0.985418 1.000000 
1.000000 0.986676 0.948844 0.960700 0.900053 0.936677 0.855796 0.915719 0.817902 0.898686 0.787775 0.886167 0.766391 0.878485 0.754353 0.875746 0.751959 0.877893 0.759261 0.884744 0.776080 0.896016 0.801964 0.911315 0.836129 0.930116 0.877385 0.951739 0.924114 0.975354 0.974309 1.000000 
1.000000 0.979055 0.978443 0.938137 0.957970 0.900056 0.939566 0.866451 0.924042 0.838643 0.911986 0.817597 0.903764 0.803949 0.899542 0.798058 0.899333 0.800063 0.903031 0.809913 0.910447 0.827357 0.921304 0.851900 0.935230 0.882743 0.951739 0.918742 0.970216 0.958414 0.989931 1.000000 
1.000000 0.991753 0.968338 0.975676 0.938139 0.960814 0.910747 0.947857 0.887293 0.937337 0.868646 0.929616 0.855412 0.924892 0.847962 0.923225 0.846481 0.924574 0.851002 0.928826 0.861412 0.935802 0.877434 0.945257 0.898580 0.956868 0.924114 0.970216 0.953034 0.984791 0.984100 1.000000 
Rank:14
1.000000 0.979055 0.978443 0.938137 0.957970 0.900056 0.939566 0.866451 0.924042 0.838643 0.911986 0.817597 0.903764 0.803949 0.899542 0.798058 0.899333 0.800063 0.903031 0.809913 0.910447 0.827357 0.921304 0.851900 0.935230 0.882743 0.951739 0.918742 0.970216 0.958414 0.989931 1.000000 
1.000000 0.991753 0.968338 0.975676 0.938139 0.960814 0.910747 0.947857 0.887293 0.937337 0.868646 0.929616 0.855412 0.924892 0.847962 0.923225 0.846481 0.924574 0.851002 0.928826 0.861412 0.935802 0.877434 0.945257 0.898580 0.956868 0.924114 0.970216 0.953034 0.984791 0.984100 1.000000 
1.000000 0.989280 0.988967 0.968338 0.978491 0.948849 0.969077 0.931650 0.961141 0.917417 0.954984 0.906646 0.950791 0.899661 0.948646 0.896647 0.948551 0.897673 0.950452 0.902715 0.954250 0.911644 0.959803 0.924205 0.966920 0.939990 0.975354 0.958414 0.984791 0.978717 0.994858 1.000000 
1.000000 0.997208 0.989280 0.991765 0.979056 0.986735 0.969782 0.982350 0.961842 0.978793 0.955529 0.976184 0.951048 0.974589 0.948526 0.974029 0.948025 0.974490 0.949555 0.975931 0.953080 0.978293 0.958505 0.981492 0.965664 0.985418 0.974309 0.989931 0.984100 0.994858 0.994617 1.000000 
Rank:15
1.000000 0.989280 0.988967 0.968338 0.978491 0.948849 0.969077 0.931650 0.961141 0.917417 0.954984 0.906646 0.950791 0.899661 0.948646 0.896647 0.948551 0.897673 0.950452 0.902715 0.954250 0.911644 0.959803 0.924205 0.966920 0.939990 0.975354 0.958414 0.984791 0.978717 0.994858 1.000000 
1.000000 0.997208 0.989280 0.991765 0.979056 0.986735 0.969782 0.982350 0.961842 0.978793 0.955529 0.976184 0.951048 0.974589 0.948526 0.974029 0.948025 0.974490 0.949555 0.975931 0.953080 0.978293 0.958505 0.981492 0.965664 0.985418 0.974309 0.989931 0.984100 0.994858 0.994617 1.000000 
1.000000 1.000000 1.000000 1.000000 1.000000 1.000000 1.000000 1.000000 1.000000 1.000000 1.000000 1.000000 1.000000 1.000000 1.000000 1.000000 1.000000 1.000000 1.000000 1.000000 1.000000 1.000000 1.000000 1.000000 1.000000 1.000000 1.000000 1.000000 1.000000 1.000000 1.000000 1.000000 
PROCESSORS:16
SIZE:32
END
Rank:0
1.000000 1.000000 1.000000 1.000000 1.000000 1.000000 1.000000 1.000000 1.000000 1.000000 1.000000 1.000000 1.000000 1.000000 1.000000 1.000000 1.000000 1.000000 1.000000 1.000000 1.000000 1.000000 1.000000 1.000000 1.000000 1.000000 1.000000 1.000000 1.000000 1.000000 1.000000 1.000000 
1.000000 0.994604 0.994584 0.984061 0.989401 0.974251 0.984672 0.965594 0.980586 0.958430 0.977297 0.953009 0.974923 0.949493 0.973545 0.947974 0.973211 0.948487 0.973939 0.951021 0.975719 0.955512 0.978502 0.961832 0.982199 0.969778 0.986676 0.979055 0.991753 0.989280 0.997208 1.000000 
1.000000 0.994584 0.978665 0.983986 0.958318 0.974079 0.939862 0.965271 0.924061 0.957907 0.911500 0.952256 0.902583 0.948514 0.897562 0.946808 0.896559 0.947204 0.899598 0.949709 0.906605 0.954264 0.917393 0.960734 0.931638 0.968898 0.948844 0.978443 0.968338 0.988967 0.989280 1.000000 
Rank:1
1.000000 0.994604 0.994584 0.984061 0.989401 0.974251 0.984672 0.965594 0.980586 0.958430 0.977297 0.953009 0.974923 0.949493 0.973545 0.947974 0.973211 0.948487 0.973939 0.951021 0.975719 0.955512 0.978502 0.961832 0.982199 0.969778 0.986676 0.979055 0.991753 0.989280 0.997208 1.000000 
1.000000 0.994584 0.978665 0.983986 0.958318 0.974079 0.939862 0.965271 0.924061 0.957907 0.911500 0.952256 0.902583 0.948514 0.897562 0.946808 0.896559 0.947204 0.899598 0.949709 0.906605 0.954264 0.917393 0.960734 0.931638 0.968898 0.948844 0.978443 0.968338 0.988967 0.989280 1.000000 
1.000000 0.984061 0.983986 0.952925 0.968668 0.923948 0.954693 0.898379 0.942625 0.877222 0.932921 0.861210 0.925925 0.850824 0.921873 0.846337 0.920906 0.847854 0.923077 0.855338 0.928346 0.868601 0.936570 0.887269 0.947487 0.910738 0.960700 0.938137 0.975676 0.968338 0.991765 1.000000 
1.000000 0.989401 0.958318 0.968668 0.918563 0.949291 0.882505 0.932077 0.851634 0.917700 0.827090 0.906684 0.809669 0.899408 0.799858 0.896115 0.797899 0.896929 0.803836 0.901854 0.817525 0.910771 0.838604 0.923414 0.866435 0.939351 0.900053 0.957970 0.938139 0.978491 0.979056 1.000000 
Rank:2
1.000000 0.984061 0.983986 0.952925 0.968668 0.923948 0.954693 0.898379 0.942625 0.877222 0.932921 0.861210 0.925925 0.850824 0.921873 0.846337 0.920906 0.847854 0.923077 0.855338 0.928346 0.868601 0.936570 0.887269 0.947487 0.910738 0.960700 0.938137 0.975676 0.968338 0.991765 1.000000 
1.000000 0.989401 0.958318 0.968668 0.918563 0.949291 0.882505 0.932077 0.851634 0.917700 0.827090 0.906684 0.809669 0.899408 0.799858 0.896115 0.797899 0.896929 0.803836 0.901854 0.817525 0.910771 0.838604 0.923414 0.866435 0.939351 0.900053 0.957970 0.938139 0.978491 0.979056 1.000000 
1.000000 0.974251 0.974079 0.923948 0.949291 0.877135 0.926694 0.835827 0.907202 0.801646 0.891554 0.775777 0.880300 0.758997 0.873817 0.751747 0.872321 0.754197 0.875886 0.766288 0.884438 0.787716 0.897742 0.817875 0.915368 0.855790 0.936677 0.900056 0.960814 0.948849 0.986735 1.000000 
1.000000 0.984672 0.939862 0.954693 0.882505 0.926694 0.830482 0.901847 0.785940 0.881128 0.750529 0.865293 0.725393 0.854878 0.711236 0.850222 0.708409 0.851486 0.716975 0.858664 0.736725 0.871570 0.767137 0.889815 0.807292 0.912773 0.855796 0.939566 0.910747 0.969077 0.969782 1.000000 
Rank:3
1.000000 0.974251 0.974079 0.923948 0.949291 0.877135 0.926694 0.835827 0.907202 0.801646 0.891554 0.775777 0.880300 0.758997 0.873817 0.751747 0.872321 0.754197 0.875886 0.766288 0.884438 0.787716 0.897742 0.817875 0.915368 0.855790 0.936677 0.900056 0.960814 0.948849 0.986735 1.000000 
1.000000 0.984672 0.939862 0.954693 0.882505 0.926694 0.830482 0.901847 0.785940 0.881128 0.750529 0.865293 0.725393 0.854878 0.711236 0.850222 0.708409 0.851486 0.716975 0.858664 0.736725 0.871570 0.767137 0.889815 0.807292 0.912773 0.855796 0.939566 0.910747 0.969077 0.969782 1.000000 
1.000000 0.965594 0.965271 0.898379 0.932077 0.835827 0.901847 0.780631 0.875812 0.734956 0.854961 0.700388 0.840021 0.677965 0.831479 0.668276 0.829606 0.671549 0.834478 0.687705 0.845982 0.716337 0.863787 0.756638 0.887317 0.807301 0.915719 0.866451 0.947857 0.931650 0.982350 1.000000 
1.000000 0.980586 0.924061 0.942625 0.851634 0.907202 0.785940 0.875812 0.729694 0.849696 0.684976 0.829801 0.653233 0.816791 0.635355 0.811070 0.631784 0.812817 0.642600 0.821998 0.667540 0.838361 0.705944 0.861403 0.756652 0.890330 0.817902 0.924042 0.887293 0.961141 0.961842 1.000000 
Rank:4
1.000000 0.965594 0.965271 0.898379 0.932077 0.835827 0.901847 0.780631 0.875812 0.734956 0.854961 0.700388 0.840021 0.677965 0.831479 0.668276 0.829606 0.671549 0.834478 0.687705 0.845982 0.716337 0.863787 0.756638 0.887317 0.807301 0.915719 0.866451 0.947857 0.931650 0.982350 1.000000 
1.000000 0.980586 0.924061 0.942625 0.851634 0.907202 0.785940 0.875812 0.729694 0.849696 0.684976 0.829801 0.653233 0.816791 0.635355 0.811070 0.631784 0.812817 0.642600 0.821998 0.667540 0.838361 0.705944 0.861403 0.756652 0.890330 0.817902 0.924042 0.887293 0.961141 0.961842 1.000000 
1.000000 0.958430 0.957907 0.877222 0.917700 0.801646 0.881128 0.734956 0.849696 0.679770 0.824596 0.638001 0.806696 0.610908 0.796561 0.599200 0.794487 0.603154 0.800538 0.622674 0.814547 0.657269 0.836099 0.705962 0.864488 0.767176 0.898686 0.838643 0.937337 0.917417 0.978793 1.000000 
1.000000 0.977297 0.911500 0.932921 0.827090 0.891554 0.750529 0.854961 0.684976 0.824596 0.632858 0.801558 0.595862 0.786596 0.575024 0.780151 0.570861 0.782394 0.583466 0.793254 0.612533 0.812409 0.657292 0.839258 0.716390 0.872875 0.787775 0.911986 0.868646 0.954984 0.955529 1.000000 
Rank:5
1.000000 0.958430 0.957907 0.877222 0.917700 0.801646 0.881128 0.734956 0.849696 0.679770 0.824596 0.638001 0.806696 0.610908 0.796561 0.599200 0.794487 0.603154 0.800538 0.622674 0.814547 0.657269 0.836099 0.705962 0.864488 0.767176 0.898686 0.838643 0.937337 0.917417 0.978793 1.000000 
1.000000 0.977297 0.911500 0.932921 0.827090 0.891554 0.750529 0.854961 0.684976 0.824596 0.632858 0.801558 0.595862 0.786596 0.575024 0.780151 0.570861 0.782394 0.583466 0.793254 0.612533 0.812409 0.657292 0.839258 0.716390 0.872875 0.787775 0.911986 0.868646 0.954984 0.955529 1.000000 
1.000000 0.953009 0.952256 0.861210 0.906684 0.775777 0.865293 0.700388 0.829801 0.638001 0.801558 0.590783 0.781525 0.560154 0.770311 0.546917 0.768213 0.551387 0.775261 0.573454 0.791235 0.612562 0.815640 0.667608 0.847670 0.736807 0.886167 0.817597 0.929616 0.906646 0.976184 1.000000 
1.000000 0.974923 0.902583 0.925925 0.809669 0.880300 0.725393 0.840021 0.653233 0.806696 0.595862 0.781525 0.555136 0.765307 0.532197 0.758485 0.527614 0.761205 0.541490 0.773348 0.573487 0.794529 0.622758 0.824067 0.687813 0.860942 0.766391 0.903764 0.855412 0.950791 0.951048 1.000000 
Rank:6
1.000000 0.953009 0.952256 0.861210 0.906684 0.775777 0.865293 0.700388 0.829801 0.638001 0.801558 0.590783 0.781525 0.560154 0.770311 0.546917 0.768213 0.551387 0.775261 0.573454 0.791235 0.612562 0.815640 0.667608 0.847670 0.736807 0.886167 0.817597 0.929616 0.906646 0.976184 1.000000 
1.000000 0.974923 0.902583 0.925925 0.809669 0.880300 0.725393 0.840021 0.653233 0.806696 0.595862 0.781525 0.555136 0.765307 0.532197 0.758485 0.527614 0.761205 0.541490 0.773348 0.573487 0.794529 0.622758 0.824067 0.687813 0.860942 0.766391 0.903764 0.855412 0.950791 0.951048 1.000000 
1.000000 0.949493 0.948514 0.850824 0.899408 0.758997 0.854878 0.677965 0.816791 0.610908 0.786596 0.560154 0.765307 0.527230 0.753539 0.513003 0.751567 0.517808 0.759378 0.541528 0.776697 0.583565 0.802965 0.642734 0.837307 0.717113 0.878485 0.803949 0.924892 0.899661 0.974589 1.000000 
1.000000 0.973545 0.897562 0.921873 0.799858 0.873817 0.711236 0.831479 0.635355 0.796561 0.575024 0.770311 0.532197 0.753539 0.508075 0.746667 0.503256 0.749801 0.517850 0.762769 0.551499 0.785134 0.603313 0.816163 0.671723 0.854780 0.754353 0.899542 0.847962 0.948646 0.948526 1.000000 
Rank:7
1.000000 0.949493 0.948514 0.850824 0.899408 0.758997 0.854878 0.677965 0.816791 0.610908 0.786596 0.560154 0.765307 0.527230 0.753539 0.513003 0.751567 0.517808 0.759378 0.541528 0.776697 0.583565 0.802965 0.642734 0.837307 0.717113 0.878485 0.803949 0.924892 0.899661 0.974589 1.000000 
1.000000 0.973545 0.897562 0.921873 0.799858 0.873817 0.711236 0.831479 0.635355 0.796561 0.575024 0.770311 0.532197 0.753539 0.508075 0.746667 0.503256 0.749801 0.517850 0.762769 0.551499 0.785134 0.603313 0.816163 0.671723 0.854780 0.754353 0.899542 0.847962 0.948646 0.948526 1.000000 
1.000000 0.947974 0.946808 0.846337 0.896115 0.751747 0.850222 0.668276 0.811070 0.599200 0.780151 0.546917 0.758485 0.513003 0.746667 0.498348 0.744932 0.503300 0.753220 0.527736 0.771204 0.571042 0.798286 0.631993 0.833556 0.708610 0.875746 0.798058 0.923225 0.896647 0.974029 1.000000 
1.000000 0.973211 0.896559 0.920906 0.797899 0.872321 0.708409 0.829606 0.631784 0.794487 0.570861 0.768213 0.527614 0.751567 0.503256 0.744932 0.498392 0.748366 0.513132 0.761651 0.547115 0.784314 0.599439 0.815597 0.668521 0.854418 0.751959 0.899333 0.846481 0.948551 0.948025 1.000000 
Rank:8
1.000000 0.947974 0.946808 0.846337 0.896115 0.751747 0.850222 0.668276 0.811070 0.599200 0.780151 0.546917 0.758485 0.513003 0.746667 0.498348 0.744932 0.503300 0.753220 0.527736 0.771204 0.571042 0.798286 0.631993 0.833556 0.708610 0.875746 0.798058 0.923225 0.896647 0.974029 1.000000 
1.000000 0.973211 0.896559 0.920906 0.797899 0.872321 0.708409 0.829606 0.631784 0.794487 0.570861 0.768213 0.527614 0.751567 0.503256 0.744932 0.498392 0.748366 0.513132 0.761651 0.547115 0.784314 0.599439 0.815597 0.668521 0.854418 0.751959 0.899333 0.846481 0.948551 0.948025 1.000000 
1.000000 0.948487 0.947204 0.847854 0.896929 0.754197 0.851486 0.671549 0.812817 0.603154 0.782394 0.551387 0.761205 0.517808 0.749801 0.503300 0.748366 0.508206 0.756794 0.532405 0.774728 0.575287 0.801551 0.635639 0.836354 0.711501 0.877893 0.800063 0.924574 0.897673 0.974490 1.000000 
1.000000 0.973939 0.899598 0.923077 0.803836 0.875886 0.716975 0.834478 0.642600 0.800538 0.583466 0.775261 0.541490 0.759378 0.517850 0.753220 0.513132 0.756794 0.527443 0.769854 0.560432 0.791909 0.611223 0.822213 0.678276 0.859714 0.759261 0.903031 0.851002 0.950452 0.949555 1.000000 
Rank:9
1.000000 0.948487 0.947204 0.847854 0.896929 0.754197 0.851486 0.671549 0.812817 0.603154 0.782394 0.551387 0.761205 0.517808 0.749801 0.503300 0.748366 0.508206 0.756794 0.532405 0.774728 0.575287 0.801551 0.635639 0.836354 0.711501 0.877893 0.800063 0.924574 0.897673 0.974490 1.000000 
1.000000 0.973939 0.899598 0.923077 0.803836 0.875886 0.716975 0.834478 0.642600 0.800538 0.583466 0.775261 0.541490 0.759378 0.517850 0.753220 0.513132 0.756794 0.527443 0.769854 0.560432 0.791909 0.611223 0.822213 0.678276 0.859714 0.759261 0.903031 0.851002 0.950452 0.949555 1.000000 
1.000000 0.951021 0.949709 0.855338 0.901854 0.766288 0.858664 0.687705 0.821998 0.622674 0.793254 0.573454 0.773348 0.541528 0.762769 0.527736 0.761651 0.532405 0.769854 0.555419 0.787005 0.596196 0.812500 0.653581 0.845471 0.725711 0.884744 0.809913 0.928826 0.902715 0.975931 1.000000 
1.000000 0.975719 0.906605 0.928346 0.817525 0.884438 0.736725 0.845982 0.667540 0.814547 0.612533 0.791235 0.573487 0.776697 0.551499 0.771204 0.547115 0.774728 0.560432 0.787005 0.591124 0.807558 0.638373 0.835680 0.700748 0.870401 0.776080 0.910447 0.861412 0.954250 0.953080 1.000000 
Rank:10
1.000000 0.951021 0.949709 0.855338 0.901854 0.766288 0.858664 0.687705 0.821998 0.622674 0.793254 0.573454 0.773348 0.541528 0.762769 0.527736 0.761651 0.532405 0.769854 0.555419 0.787005 0.596196 0.812500 0.653581 0.845471 0.725711 0.884744 0.809913 0.928826 0.902715 0.975931 1.000000 
1.000000 0.975719 0.906605 0.928346 0.817525 0.884438 0.736725 0.845982 0.667540 0.814547 0.612533 0.791235 0.573487 0.776697 0.551499 0.771204 0.547115 0.774728 0.560432 0.787005 0.591124 0.807558 0.638373 0.835680 0.700748 0.870401 0.776080 0.910447 0.861412 0.954250 0.953080 1.000000 
1.000000 0.955512 0.954264 0.868601 0.910771 0.787716 0.871570 0.716337 0.838361 0.657269 0.812409 0.612562 0.794529 0.583565 0.785134 0.571042 0.784314 0.575287 0.791909 0.596196 0.807558 0.633238 0.830696 0.685364 0.860534 0.750880 0.896016 0.827357 0.935802 0.911644 0.978293 1.000000 
1.000000 0.978502 0.917393 0.936570 0.838604 0.897742 0.767137 0.863787 0.705944 0.836099 0.657292 0.815640 0.622758 0.802965 0.603313 0.798286 0.599439 0.801551 0.611223 0.812500 0.638373 0.830696 0.680168 0.855509 0.735338 0.886083 0.801964 0.921304 0.877434 0.959803 0.958505 1.000000 
Rank:11
1.000000 0.955512 0.954264 0.868601 0.910771 0.787716 0.871570 0.716337 0.838361 0.657269 0.812409 0.612562 0.794529 0.583565 0.785134 0.571042 0.784314 0.575287 0.791909 0.596196 0.807558 0.633238 0.830696 0.685364 0.860534 0.750880 0.896016 0.827357 0.935802 0.911644 0.978293 1.000000 
1.000000 0.978502 0.917393 0.936570 0.838604 0.897742 0.767137 0.863787 0.705944 0.836099 0.657292 0.815640 0.622758 0.802965 0.603313 0.798286 0.599439 0.801551 0.611223 0.812500 0.638373 0.830696 0.680168 0.855509 0.735338 0.886083 0.801964 0.921304 0.877434 0.959803 0.958505 1.000000 
1.000000 0.961832 0.960734 0.887269 0.923414 0.817875 0.889815 0.756638 0.861403 0.705962 0.839258 0.667608 0.824067 0.642734 0.816163 0.631993 0.815597 0.635639 0.822213 0.653581 0.835680 0.685364 0.855509 0.730086 0.881021 0.786292 0.911315 0.851900 0.945257 0.924205 0.981492 1.000000 
1.000000 0.982199 0.931638 0.947487 0.866435 0.915368 0.807292 0.887317 0.756652 0.864488 0.716390 0.847670 0.687813 0.837307 0.671723 0.833556 0.668521 0.836354 0.678276 0.845471 0.700748 0.860534 0.735338 0.881021 0.780994 0.906223 0.836129 0.935230 0.898580 0.966920 0.965664 1.000000 
Rank:12
1.000000 0.961832 0.960734 0.887269 0.923414 0.817875 0.889815 0.756638 0.861403 0.705962 0.839258 0.667608 0.824067 0.642734 0.816163 0.631993 0.815597 0.635639 0.822213 0.653581 0.835680 0.685364 0.855509 0.730086 0.881021 0.786292 0.911315 0.851900 0.945257 0.924205 0.981492 1.000000 
1.000000 0.982199 0.931638 0.947487 0.866435 0.915368 0.807292 0.887317 0.756652 0.864488 0.716390 0.847670 0.687813 0.837307 0.671723 0.833556 0.668521 0.836354 0.678276 0.845471 0.700748 0.860534 0.735338 0.881021 0.780994 0.906223 0.836129 0.935230 0.898580 0.966920 0.965664 1.000000 
1.000000 0.969778 0.968898 0.910738 0.939351 0.855790 0.912773 0.807301 0.890330 0.767176 0.872875 0.736807 0.860942 0.717113 0.854780 0.708610 0.854418 0.711501 0.859714 0.725711 0.870401 0.750880 0.886083 0.786292 0.906223 0.830796 0.930116 0.882743 0.956868 0.939990 0.985418 1.000000 
1.000000 0.986676 0.948844 0.960700 0.900053 0.936677 0.855796 0.915719 0.817902 0.898686 0.787775 0.886167 0.766391 0.878485 0.754353 0.875746 0.751959 0.877893 0.759261 0.884744 0.776080 0.896016 0.801964 0.911315 0.836129 0.930116 0.877385 0.951739 0.924114 0.975354 0.974309 1.000000 
Rank:13
1.000000 0.969778 0.968898 0.910738 0.939351 0.855790 0.912773 0.807301 0.890330 0.767176 0.872875 0.736807 0.860942 0.717113 0.854780 0.708610 0.854418 0.711501 0.859714 0.725711 0.870401 0.750880 0.886083 0.786292 0.906223 0.830796 0.930116 0.882743 0.956868 0.939990 0.985418 1.000000 
1.000000 0.986676 0.948844 0.960700 0.900053 0.936677 0.855796 0.915719 0.817902 0.898686 0.787775 0.886167 0.766391 0.878485 0.754353 0.875746 0.751959 0.877893 0.759261 0.884744 0.776080 0.896016 0.801964 0.911315 0.836129 0.930116 0.877385 0.951739 0.924114 0.975354 0.974309 1.000000 
1.000000 0.979055 0.978443 0.938137 0.957970 0.900056 0.939566 0.866451 0.924042 0.838643 0.911986 0.817597 0.903764 0.803949 0.899542 0.798058 0.899333 0.800063 0.903031 0.809913 0.910447 0.827357 0.921304 0.851900 0.935230 0.882743 0.951739 0.918742 0.970216 0.958414 0.989931 1.000000 
1.000000 0.991753 0.968338 0.975676 0.938139 0.960814 0.910747 0.947857 0.887293 0.937337 0.868646 0.929616 0.855412 0.924892 0.847962 0.923225 0.846481 0.924574 0.851002 0.928826 0.861412 0.935802 0.877434 0.945257 0.898580 0.956868 0.924114 0.970216 0.953034 0.984791 0.984100 1.000000 
Rank:14
1.000000 0.979055 0.978443 0.938137 0.957970 0.900056 0.939566 0.866451 0.924042 0.838643 0.911986 0.817597 0.903764 0.803949 0.899542 0.798058 0.899333 0.800063 0.903031 0.809913 0.910447 0.827357 0.921304 0.851900 0.935230 0.882743 0.951739 0.918742 0.970216 0.958414 0.989931 1.000000 
1.000000 0.991753 0.968338 0.975676 0.938139 0.960814 0.910747 0.947857 0.887293 0.937337 0.868646 0.929616 0.855412 0.924892 0.847962 0.923225 0.846481 0.924574 0.851002 0.928826 0.861412 0.935802 0.877434 0.945257 0.898580 0.956868 0.924114 0.970216 0.953034 0.984791 0.984100 1.000000 
1.000000 0.989280 0.988967 0.968338 0.978491 0.948849 0.969077 0.931650 0.961141 0.917417 0.954984 0.906646 0.950791 0.899661 0.948646 0.896647 0.948551 0.897673 0.950452 0.902715 0.954250 0.911644 0.959803 0.924205 0.966920 0.939990 0.975354 0.958414 0.984791 0.978717 0.994858 1.000000 
1.000000 0.997208 0.989280 0.991765 0.979056 0.986735 0.969782 0.982350 0.961842 0.978793 0.955529 0.976184 0.951048 0.974589 0.948526 0.974029 0.948025 0.974490 0.949555 0.975931 0.953080 0.978293 0.958505 0.981492 0.965664 0.985418 0.974309 0.989931 0.984100 0.994858 0.994617 1.000000 
Rank:15
1.000000 0.989280 0.988967 0.968338 0.978491 0.948849 0.969077 0.931650 0.961141 0.917417 0.954984 0.906646 0.950791 0.899661 0.948646 0.896647 0.948551 0.897673 0.950452 0.902715 0.954250 0.911644 0.959803 0.924205 0.966920 0.939990 0.975354 0.958414 0.984791 0.978717 0.994858 1.000000 
1.000000 0.997208 0.989280 0.991765 0.979056 0.986735 0.969782 0.982350 0.961842 0.978793 0.955529 0.976184 0.951048 0.974589 0.948526 0.974029 0.948025 0.974490 0.949555 0.975931 0.953080 0.978293 0.958505 0.981492 0.965664 0.985418 0.974309 0.989931 0.984100 0.994858 0.994617 1.000000 
1.000000 1.000000 1.000000 1.000000 1.000000 1.000000 1.000000 1.000000 1.000000 1.000000 1.000000 1.000000 1.000000 1.000000 1.000000 1.000000 1.000000 1.000000 1.000000 1.000000 1.000000 1.000000 1.000000 1.000000 1.000000 1.000000 1.000000 1.000000 1.000000 1.000000 1.000000 1.000000 
PROCESSORS:16
SIZE:32
END
Rank:0
1.000000 1.000000 1.000000 1.000000 1.000000 1.000000 1.000000 1.000000 1.000000 1.000000 1.000000 1.000000 1.000000 1.000000 1.000000 1.000000 1.000000 1.000000 1.000000 1.000000 1.000000 1.000000 1.000000 1.000000 1.000000 1.000000 1.000000 1.000000 1.000000 1.000000 1.000000 1.000000 
1.000000 0.994604 0.994584 0.984061 0.989401 0.974251 0.984672 0.965594 0.980586 0.958430 0.977297 0.953009 0.974923 0.949493 0.973545 0.947974 0.973211 0.948487 0.973939 0.951021 0.975719 0.955512 0.978502 0.961832 0.982199 0.969778 0.986676 0.979055 0.991753 0.989280 0.997208 1.000000 
1.000000 0.994584 0.978665 0.983986 0.958318 0.974079 0.939862 0.965271 0.924061 0.957907 0.911500 0.952256 0.902583 0.948514 0.897562 0.946808 0.896559 0.947204 0.899598 0.949709 0.906605 0.954264 0.917393 0.960734 0.931638 0.968898 0.948844 0.978443 0.968338 0.988967 0.989280 1.000000 
Rank:1
1.000000 0.994604 0.994584 0.984061 0.989401 0.974251 0.984672 0.965594 0.980586 0.958430 0.977297 0.953009 0.974923 0.949493 0.973545 0.947974 0.973211 0.948487 0.973939 0.951021 0.975719 0.955512 0.978502 0.961832 0.982199 0.969778 0.986676 0.979055 0.991753 0.989280 0.997208 1.000000 
1.000000 0.994584 0.978665 0.983986 0.958318 0.974079 0.939862 0.965271 0.924061 0.957907 0.911500 0.952256 0.902583 0.948514 0.897562 0.946808 0.896559 0.947204 0.899598 0.949709 0.906605 0.954264 0.917393 0.960734 0.931638 0.968898 0.948844 0.978443 0.968338 0.988967 0.989280 1.000000 
1.000000 0.984061 0.983986 0.952925 0.968668 0.923948 0.954693 0.898379 0.942625 0.877222 0.932921 0.861210 0.925925 0.850824 0.921873 0.846337 0.920906 0.847854 0.923077 0.855338 0.928346 0.868601 0.936570 0.887269 0.947487 0.910738 0.960700 0.938137 0.975676 0.968338 0.991765 1.000000 
1.000000 0.989401 0.958318 0.968668 0.918563 0.949291 0.882505 0.932077 0.851634 0.917700 0.827090 0.906684 0.809669 0.899408 0.799858 0.896115 0.797899 0.896929 0.803836 0.901854 0.817525 0.910771 0.838604 0.923414 0.866435 0.939351 0.900053 0.957970 0.938139 0.978491 0.979056 1.000000 
Rank:2
1.000000 0.984061 0.983986 0.952925 0.968668 0.923948 0.954693 0.898379 0.942625 0.877222 0.932921 0.861210 0.925925 0.850824 0.921873 0.846337 0.920906 0.847854 0.923077 0.855338 0.928346 0.868601 0.936570 0.887269 0.947487 0.910738 0.960700 0.938137 0.975676 0.968338 0.991765 1.000000 
1.000000 0.989401 0.958318 0.968668 0.918563 0.949291 0.882505 0.932077 0.851634 0.917700 0.827090 0.906684 0.809669 0.899408 0.799858 0.896115 0.797899 0.896929 0.803836 0.901854 0.817525 0.910771 0.838604 0.923414 0.866435 0.939351 0.900053 0.957970 0.938139 0.978491 0.979056 1.000000 
1.000000 0.974251 0.974079 0.923948 0.949291 0.877135 0.926694 0.835827 0.907202 0.801646 0.891554 0.775777 0.880300 0.758997 0.873817 0.751747 0.872321 0.754197 0.875886 0.766288 0.884438 0.787716 0.897742 0.817875 0.915368 0.855790 0.936677 0.900056 0.960814 0.948849 0.986735 1.000000 
1.000000 0.984672 0.939862 0.954693 0.882505 0.926694 0.830482 0.901847 0.785940 0.881128 0.750529 0.865293 0.725393 0.854878 0.711236 0.850222 0.708409 0.851486 0.716975 0.858664 0.736725 0.871570 0.767137 0.889815 0.807292 0.912773 0.855796 0.939566 0.910747 0.969077 0.969782 1.000000 
Rank:3
1.000000 0.974251 0.974079 0.923948 0.949291 0.877135 0.926694 0.835827 0.907202 0.801646 0.891554 0.775777 0.880300 0.758997 0.873817 0.751747 0.872321 0.754197 0.875886 0.766288 0.884438 0.787716 0.897742 0.817875 0.915368 0.855790 0.936677 0.900056 0.960814 0.948849 0.986735 1.000000 
1.000000 0.984672 0.939862 0.954693 0.882505 0.926694 0.830482 0.901847 0.785940 0.881128 0.750529 0.865293 0.725393 0.854878 0.711236 0.850222 0.708409 0.851486 0.716975 0.858664 0.736725 0.871570 0.767137 0.889815 0.807292 0.912773 0.855796 0.939566 0.910747 0.969077 0.969782 1.000000 
