Rank:0
1.000000 1.000000 1.000000 1.000000 1.000000 1.000000 1.000000 1.000000 1.000000 1.000000 1.000000 1.000000 1.000000 1.000000 1.000000 1.000000 1.000000 1.000000 1.000000 1.000000 1.000000 1.000000 1.000000 1.000000 1.000000 1.000000 1.000000 1.000000 1.000000 1.000000 1.000000 1.000000 1.000000 1.000000 1.000000 1.000000 1.000000 1.000000 1.000000 1.000000 1.000000 1.000000 1.000000 1.000000 1.000000 1.000000 1.000000 1.000000 1.000000 1.000000 
1.000000 0.997861 0.997857 0.993622 0.995753 0.989502 0.993729 0.985573 0.991820 0.981906 0.990059 0.978560 0.988474 0.975586 0.987088 0.973028 0.985921 0.970920 0.984986 0.969285 0.984295 0.968143 0.983854 0.967506 0.983667 0.967378 0.983736 0.967762 0.984059 0.968654 0.984634 0.970045 0.985454 0.971920 0.986511 0.974257 0.987791 0.977028 0.989279 0.980193 0.990953 0.983707 0.992787 0.987512 0.994751 0.991544 0.996811 0.995733 0.998930 1.000000 
1.000000 0.997857 0.991483 0.993610 0.983124 0.989483 0.975076 0.985550 0.967482 0.981881 0.960471 0.978536 0.954154 0.975567 0.948626 0.973015 0.943963 0.970916 0.940223 0.969292 0.937450 0.968161 0.935672 0.967533 0.934908 0.967415 0.935164 0.967807 0.936439 0.968704 0.938719 0.970098 0.941981 0.971973 0.946190 0.974308 0.951295 0.977075 0.957227 0.980234 0.963904 0.983741 0.971221 0.987538 0.979057 0.991562 0.987277 0.995742 0.995733 1.000000 
1.000000 0.993622 0.993610 0.980985 0.987340 0.968700 0.981305 0.956989 0.975614 0.946054 0.970363 0.936078 0.965637 0.927213 0.961506 0.919587 0.958025 0.913299 0.955239 0.908427 0.953179 0.905023 0.951863 0.903121 0.951306 0.902742 0.951511 0.903887 0.952475 0.906545 0.954188 0.910692 0.956634 0.916281 0.959784 0.923250 0.963601 0.931510 0.968036 0.940948 0.973026 0.951423 0.978494 0.962768 0.984350 0.974791 0.990493 0.987277 0.996811 1.000000 
1.000000 0.995753 0.983124 0.987340 0.966562 0.979163 0.950615 0.971371 0.935568 0.964101 0.921675 0.957473 0.909159 0.951590 0.898206 0.946535 0.888966 0.942374 0.881556 0.939156 0.876061 0.936914 0.872539 0.935671 0.871024 0.935437 0.871532 0.936213 0.874057 0.937990 0.878575 0.940751 0.885040 0.944467 0.893379 0.949094 0.903493 0.954575 0.915248 0.960836 0.928477 0.967783 0.942975 0.975307 0.958503 0.983281 0.974791 0.991562 0.991544 1.000000 
1.000000 0.989502 0.989483 0.968700 0.979163 0.948478 0.969230 0.929200 0.959863 0.911201 0.951220 0.894778 0.943441 0.880186 0.936640 0.867633 0.930911 0.857284 0.926325 0.849263 0.922932 0.843659 0.920767 0.840530 0.919849 0.839904 0.920185 0.841789 0.921771 0.846166 0.924591 0.852991 0.928616 0.862192 0.933801 0.873663 0.940085 0.887259 0.947386 0.902795 0.955599 0.920038 0.964600 0.938713 0.974239 0.958503 0.984350 0.979057 0.994751 1.000000 
1.000000 0.993729 0.975076 0.981305 0.950615 0.969230 0.927064 0.957724 0.904841 0.946988 0.884323 0.937200 0.865838 0.928511 0.849661 0.921046 0.836015 0.914900 0.825071 0.910146 0.816955 0.906835 0.811753 0.904999 0.809516 0.904652 0.810266 0.905797 0.813996 0.908421 0.820668 0.912498 0.830215 0.917984 0.842531 0.924818 0.857468 0.932912 0.874830 0.942159 0.894368 0.952420 0.915780 0.963532 0.938713 0.975308 0.962768 0.987538 0.987512 1.000000 
1.000000 0.985573 0.985550 0.956989 0.971371 0.929200 0.957724 0.902708 0.944853 0.877975 0.932978 0.855408 0.922288 0.835355 0.912943 0.818105 0.905071 0.803883 0.898768 0.792861 0.894104 0.785161 0.891127 0.780860 0.889864 0.780000 0.890325 0.782590 0.892504 0.788604 0.896378 0.797983 0.901908 0.810626 0.909033 0.826389 0.917668 0.845073 0.927699 0.866422 0.938986 0.890117 0.951354 0.915780 0.964600 0.942975 0.978495 0.971221 0.992787 1.000000 
1.000000 0.991820 0.967482 0.975614 0.935568 0.959863 0.904841 0.944853 0.875847 0.930848 0.849076 0.918078 0.824959 0.906743 0.803853 0.897002 0.786049 0.888983 0.771770 0.882780 0.761181 0.878459 0.754394 0.876061 0.751476 0.875607 0.752454 0.877099 0.757319 0.880521 0.766025 0.885839 0.778480 0.892997 0.794549 0.901912 0.814038 0.912473 0.836690 0.924536 0.862181 0.937923 0.890117 0.952421 0.920038 0.967785 0.951423 0.983741 0.983707 1.000000 
1.000000 0.981906 0.981881 0.946054 0.964101 0.911201 0.946988 0.877975 0.930848 0.846954 0.915955 0.818649 0.902549 0.793499 0.890829 0.771863 0.880954 0.754026 0.873048 0.740202 0.867197 0.730543 0.863461 0.725148 0.861876 0.724070 0.862452 0.727318 0.865183 0.734861 0.870040 0.746623 0.876975 0.762481 0.885910 0.782251 0.896739 0.805685 0.909321 0.832462 0.923477 0.862181 0.938989 0.894368 0.955602 0.928477 0.973028 0.963904 0.990953 1.000000 
1.000000 0.990059 0.960471 0.970363 0.921675 0.951220 0.884323 0.932978 0.849076 0.915955 0.816534 0.900434 0.787216 0.886655 0.761559 0.874814 0.739916 0.865065 0.722558 0.857523 0.709686 0.852267 0.701435 0.849350 0.697887 0.848796 0.699076 0.850607 0.704990 0.854766 0.715572 0.861229 0.730713 0.869929 0.750247 0.880765 0.773937 0.893603 0.801474 0.908267 0.832462 0.924540 0.866422 0.942164 0.902795 0.960840 0.940948 0.980236 0.980193 1.000000 
1.000000 0.978560 0.978536 0.936078 0.957473 0.894778 0.937200 0.855408 0.918078 0.818649 0.900434 0.785110 0.884550 0.755308 0.870663 0.729670 0.858962 0.708534 0.849591 0.692153 0.842656 0.680708 0.838227 0.674315 0.836345 0.673037 0.837025 0.676885 0.840259 0.685822 0.846014 0.699760 0.854229 0.718551 0.864816 0.741977 0.877647 0.769745 0.892555 0.801474 0.909328 0.836690 0.927708 0.874830 0.947393 0.915248 0.968041 0.957227 0.989281 1.000000 
1.000000 0.988474 0.954154 0.965637 0.909159 0.943441 0.865838 0.922288 0.824959 0.902549 0.787216 0.884550 0.753213 0.868570 0.723456 0.854837 0.698354 0.843528 0.678222 0.834779 0.663292 0.828681 0.653722 0.825295 0.649606 0.824649 0.650985 0.826747 0.657844 0.831568 0.670116 0.839063 0.687677 0.849151 0.710332 0.861718 0.737808 0.876606 0.769745 0.893613 0.805685 0.912486 0.845073 0.932925 0.887259 0.954584 0.931510 0.977079 0.977028 1.000000 
1.000000 0.975586 0.975567 0.927213 0.951590 0.880186 0.928511 0.835355 0.906743 0.793499 0.886655 0.755308 0.868570 0.721373 0.852757 0.692180 0.839432 0.668112 0.828760 0.649458 0.820861 0.636425 0.815815 0.629146 0.813669 0.627689 0.814440 0.632071 0.818120 0.642247 0.824670 0.658117 0.834024 0.679514 0.846077 0.706189 0.860686 0.737808 0.877661 0.773937 0.896760 0.814038 0.917688 0.857468 0.940101 0.903493 0.963612 0.951295 0.987795 1.000000 
1.000000 0.987088 0.948626 0.961506 0.898206 0.936640 0.849661 0.912943 0.803853 0.890829 0.761559 0.870663 0.723456 0.852757 0.690111 0.837368 0.661981 0.824695 0.639422 0.814887 0.622691 0.808051 0.611966 0.804253 0.607354 0.803526 0.608898 0.805875 0.616583 0.811275 0.630335 0.819671 0.650013 0.830974 0.675399 0.845055 0.706189 0.861738 0.741977 0.880794 0.782251 0.901942 0.826389 0.924843 0.873663 0.949112 0.923250 0.974318 0.974257 1.000000 
1.000000 0.973028 0.973015 0.919587 0.946535 0.867633 0.921046 0.818105 0.897002 0.771863 0.874814 0.729670 0.854837 0.692180 0.837368 0.659927 0.822646 0.633337 0.810853 0.612729 0.802123 0.598330 0.796545 0.590286 0.794171 0.588677 0.795020 0.593517 0.799083 0.604759 0.806317 0.622292 0.816649 0.645929 0.829964 0.675399 0.846103 0.710332 0.864855 0.750247 0.885953 0.794549 0.909072 0.842531 0.933832 0.893379 0.959803 0.946190 0.986517 1.000000 
1.000000 0.985921 0.943963 0.958025 0.888966 0.930911 0.836015 0.905071 0.786049 0.880954 0.739916 0.858962 0.698354 0.839432 0.661981 0.822646 0.631298 0.808821 0.606690 0.798121 0.588440 0.790661 0.576742 0.786514 0.571710 0.785718 0.573393 0.788277 0.581776 0.794165 0.596775 0.803321 0.618239 0.815649 0.645929 0.831007 0.679514 0.849202 0.718551 0.869987 0.762481 0.893052 0.810626 0.918031 0.862192 0.944500 0.916281 0.971990 0.971920 1.000000 
1.000000 0.970920 0.970916 0.913299 0.942374 0.857284 0.914900 0.803883 0.888983 0.754026 0.865065 0.708534 0.843528 0.668112 0.824695 0.633337 0.808821 0.604667 0.796104 0.582447 0.786689 0.566921 0.780671 0.558248 0.778108 0.556512 0.779020 0.561730 0.783398 0.573850 0.791196 0.592753 0.802334 0.618239 0.816689 0.650013 0.834088 0.687677 0.854305 0.730713 0.877051 0.778480 0.901975 0.830215 0.928668 0.885040 0.956666 0.941981 0.985465 1.000000 
1.000000 0.984986 0.940223 0.955239 0.881556 0.926325 0.825071 0.898768 0.771770 0.873048 0.722558 0.849591 0.678222 0.828760 0.639422 0.810853 0.606690 0.796104 0.580439 0.784687 0.560971 0.776727 0.548490 0.772300 0.543122 0.771448 0.544917 0.774175 0.553858 0.780454 0.569858 0.790220 0.592753 0.803369 0.622292 0.819751 0.658117 0.839159 0.699760 0.861329 0.746623 0.885931 0.797983 0.912573 0.852991 0.940805 0.910692 0.970125 0.970045 1.000000 
1.000000 0.969285 0.969292 0.908427 0.939156 0.849263 0.910146 0.792861 0.882780 0.740202 0.857523 0.692153 0.834779 0.649458 0.814887 0.612729 0.798121 0.582447 0.784687 0.558977 0.774740 0.542578 0.768381 0.533417 0.765671 0.531582 0.766632 0.537092 0.771254 0.549893 0.779489 0.569858 0.791251 0.596775 0.806412 0.630335 0.824788 0.670116 0.846140 0.715572 0.870161 0.766025 0.896483 0.820668 0.924672 0.878575 0.954239 0.938719 0.984651 1.000000 
1.000000 0.984295 0.937450 0.953179 0.876061 0.922932 0.816955 0.894104 0.761181 0.867197 0.709686 0.842656 0.663292 0.820861 0.622691 0.802123 0.588440 0.786689 0.560971 0.774740 0.540598 0.766408 0.527537 0.761773 0.521919 0.760879 0.523796 0.763730 0.533151 0.770299 0.549893 0.780517 0.573850 0.794275 0.604759 0.811416 0.642247 0.831724 0.685822 0.854920 0.734861 0.880660 0.788604 0.908534 0.846166 0.938070 0.906545 0.968746 0.968654 1.000000 
1.000000 0.968143 0.968161 0.905023 0.936914 0.843659 0.906835 0.785161 0.878459 0.730543 0.852267 0.680708 0.828681 0.636425 0.808051 0.598330 0.790661 0.566921 0.776727 0.542578 0.766408 0.525568 0.759810 0.516065 0.756997 0.514161 0.757992 0.519875 0.762784 0.533151 0.771324 0.553858 0.783523 0.581776 0.799247 0.616583 0.818305 0.657844 0.840449 0.704990 0.865360 0.757319 0.892657 0.813996 0.921888 0.874057 0.952548 0.936439 0.984084 1.000000 
1.000000 0.983854 0.935672 0.951863 0.872539 0.920767 0.811753 0.891127 0.754394 0.863461 0.701435 0.838227 0.653722 0.815815 0.611966 0.796545 0.576742 0.780671 0.548490 0.768381 0.527537 0.759810 0.514104 0.755042 0.508325 0.754120 0.510255 0.757052 0.519875 0.763807 0.537092 0.774315 0.561730 0.788464 0.593517 0.806091 0.632071 0.826974 0.676885 0.850827 0.727318 0.877295 0.782590 0.905957 0.841789 0.936326 0.903887 0.967865 0.967762 1.000000 
1.000000 0.967506 0.967533 0.903121 0.935671 0.840530 0.904999 0.780860 0.876061 0.725148 0.849350 0.674315 0.825295 0.629146 0.804253 0.590286 0.786514 0.558248 0.772300 0.533417 0.761773 0.516065 0.755042 0.506371 0.752171 0.504428 0.753185 0.510255 0.758073 0.523796 0.766784 0.544917 0.779228 0.573393 0.795266 0.608898 0.814705 0.650985 0.837290 0.699076 0.862697 0.752454 0.890534 0.810266 0.920345 0.871532 0.951611 0.935164 0.983770 1.000000 
1.000000 0.983667 0.934908 0.951306 0.871024 0.919849 0.809516 0.889864 0.751476 0.861876 0.697887 0.836345 0.649606 0.813669 0.607354 0.794171 0.571710 0.778108 0.543122 0.765671 0.521919 0.756997 0.508325 0.752171 0.502476 0.751238 0.504428 0.754205 0.514161 0.761040 0.531582 0.771674 0.556512 0.785992 0.588677 0.803828 0.627689 0.824958 0.673037 0.849091 0.724070 0.875869 0.780000 0.904865 0.839904 0.935587 0.902742 0.967493 0.967378 1.000000 
1.000000 0.967378 0.967415 0.902742 0.935437 0.839904 0.904652 0.780000 0.875607 0.724070 0.848796 0.673037 0.824649 0.627689 0.803526 0.588677 0.785718 0.556512 0.771448 0.531582 0.760879 0.514161 0.754120 0.504428 0.751238 0.502476 0.752257 0.508325 0.757165 0.521919 0.765911 0.543122 0.778405 0.571710 0.794506 0.607354 0.814021 0.649606 0.836692 0.697887 0.862194 0.751476 0.890136 0.809516 0.920055 0.871024 0.951435 0.934908 0.983711 1.000000 
1.000000 0.983736 0.935164 0.951511 0.871532 0.920185 0.810266 0.890325 0.752454 0.862452 0.699076 0.837025 0.650985 0.814440 0.608898 0.795020 0.573393 0.779020 0.544917 0.766632 0.523796 0.757992 0.510255 0.753185 0.504428 0.752257 0.506371 0.755213 0.516065 0.762023 0.533417 0.772616 0.558248 0.786879 0.590286 0.804645 0.629146 0.825690 0.674315 0.849726 0.725148 0.876393 0.780860 0.905268 0.840530 0.935861 0.903121 0.967631 0.967506 1.000000 
1.000000 0.967762 0.967807 0.903887 0.936213 0.841789 0.905797 0.782590 0.877099 0.727318 0.850607 0.676885 0.826747 0.632071 0.805875 0.593517 0.788277 0.561730 0.774175 0.537092 0.763730 0.519875 0.757052 0.510255 0.754205 0.508325 0.755213 0.514104 0.760065 0.527537 0.768710 0.548490 0.781059 0.576742 0.796971 0.611966 0.816256 0.653722 0.838658 0.701435 0.863856 0.754394 0.891462 0.811753 0.921022 0.872539 0.952023 0.935672 0.983908 1.000000 
1.000000 0.984059 0.936439 0.952475 0.874057 0.921771 0.813996 0.892504 0.757319 0.865183 0.704990 0.840259 0.657844 0.818120 0.616583 0.799083 0.581776 0.783398 0.553858 0.771254 0.533151 0.762784 0.519875 0.758073 0.514161 0.757165 0.516065 0.760065 0.525568 0.766743 0.542578 0.777131 0.566921 0.791115 0.598330 0.808532 0.636425 0.829163 0.680708 0.852722 0.730543 0.878861 0.785161 0.907160 0.843659 0.937143 0.905023 0.968278 0.968143 1.000000 
1.000000 0.968654 0.968704 0.906545 0.937990 0.846166 0.908421 0.788604 0.880521 0.734861 0.854766 0.685822 0.831568 0.642247 0.811275 0.604759 0.794165 0.573850 0.780454 0.549893 0.770299 0.533151 0.763807 0.523796 0.761040 0.521919 0.762023 0.527537 0.766743 0.540598 0.775152 0.560971 0.787161 0.588440 0.802635 0.622691 0.821386 0.663292 0.843166 0.709686 0.867664 0.761181 0.894500 0.816955 0.923233 0.876061 0.953367 0.937450 0.984359 1.000000 
1.000000 0.984634 0.938719 0.954188 0.878575 0.924591 0.820668 0.896378 0.766025 0.870040 0.715572 0.846014 0.670116 0.824670 0.630335 0.806317 0.596775 0.791196 0.569858 0.779489 0.549893 0.771324 0.537092 0.766784 0.531582 0.765911 0.533417 0.768710 0.542578 0.775152 0.558977 0.785170 0.582447 0.798655 0.612729 0.815448 0.649458 0.835337 0.692153 0.858049 0.740202 0.883245 0.792861 0.910522 0.849263 0.939419 0.908427 0.969428 0.969285 1.000000 
1.000000 0.970045 0.970098 0.910692 0.940751 0.852991 0.912498 0.797983 0.885839 0.746623 0.861229 0.699760 0.839063 0.658117 0.819671 0.622292 0.803321 0.592753 0.790220 0.569858 0.780517 0.553858 0.774315 0.544917 0.771674 0.543122 0.772616 0.548490 0.777131 0.560971 0.785170 0.580439 0.796649 0.606690 0.811438 0.639422 0.829357 0.678222 0.850169 0.722558 0.873576 0.771770 0.899215 0.825071 0.926666 0.881556 0.955452 0.940223 0.985059 1.000000 
1.000000 0.985454 0.941981 0.956634 0.885040 0.928616 0.830215 0.901908 0.778480 0.876975 0.730713 0.854229 0.687677 0.834024 0.650013 0.816649 0.618239 0.802334 0.592753 0.791251 0.573850 0.783523 0.561730 0.779228 0.556512 0.778405 0.558248 0.781059 0.566921 0.787161 0.582447 0.796649 0.604667 0.809418 0.633337 0.825318 0.668112 0.844148 0.708534 0.865648 0.754026 0.889497 0.803883 0.915315 0.857284 0.942666 0.913299 0.971066 0.970920 1.000000 
1.000000 0.971920 0.971973 0.916281 0.944467 0.862192 0.917984 0.810626 0.892997 0.762481 0.869929 0.718551 0.849151 0.679514 0.830974 0.645929 0.815649 0.618239 0.803369 0.596775 0.794275 0.581776 0.788464 0.573393 0.785992 0.571710 0.786879 0.576742 0.791115 0.588440 0.798655 0.606690 0.809418 0.631298 0.823283 0.661981 0.840081 0.698354 0.859589 0.739916 0.881527 0.786049 0.905555 0.836015 0.931280 0.888966 0.958256 0.943963 0.985999 1.000000 
1.000000 0.986511 0.946190 0.959784 0.893379 0.933801 0.842531 0.909033 0.794549 0.885910 0.750247 0.864816 0.710332 0.846077 0.675399 0.829964 0.645929 0.816689 0.622292 0.806412 0.604759 0.799247 0.593517 0.795266 0.588677 0.794506 0.590286 0.796971 0.598330 0.802635 0.612729 0.811438 0.633337 0.823283 0.659927 0.838032 0.692180 0.855495 0.729670 0.875433 0.771863 0.897547 0.818105 0.921486 0.867633 0.946844 0.919587 0.973175 0.973028 1.000000 
1.000000 0.974257 0.974308 0.923250 0.949094 0.873663 0.924818 0.826389 0.901912 0.782251 0.880765 0.741977 0.861718 0.706189 0.845055 0.675399 0.831007 0.650013 0.819751 0.630335 0.811416 0.616583 0.806091 0.608898 0.803828 0.607354 0.804645 0.611966 0.808532 0.622691 0.815448 0.639422 0.825318 0.661981 0.838032 0.690111 0.853432 0.723456 0.871314 0.761559 0.891422 0.803853 0.913446 0.849661 0.937022 0.898206 0.961745 0.948626 0.987169 1.000000 
1.000000 0.987791 0.951295 0.963601 0.903493 0.940085 0.857468 0.917668 0.814038 0.896739 0.773937 0.877647 0.737808 0.860686 0.706189 0.846103 0.679514 0.834088 0.658117 0.824788 0.642247 0.818305 0.632071 0.814705 0.627689 0.814021 0.629146 0.816256 0.636425 0.821386 0.649458 0.829357 0.668112 0.840081 0.692180 0.853432 0.721373 0.869238 0.755308 0.887282 0.793499 0.907295 0.835355 0.928957 0.880186 0.951903 0.927213 0.975728 0.975586 1.000000 
1.000000 0.977028 0.977075 0.931510 0.954575 0.887259 0.932912 0.845073 0.912473 0.805685 0.893603 0.769745 0.876606 0.737808 0.861738 0.710332 0.849202 0.687677 0.839159 0.670116 0.831724 0.657844 0.826974 0.650985 0.824958 0.649606 0.825690 0.653722 0.829163 0.663292 0.835337 0.678222 0.844148 0.698354 0.855495 0.723456 0.869238 0.753213 0.885195 0.787216 0.903136 0.824959 0.922785 0.865838 0.943819 0.909159 0.965873 0.954154 0.988554 1.000000 
1.000000 0.989279 0.957227 0.968036 0.915248 0.947386 0.874830 0.927699 0.836690 0.909321 0.801474 0.892555 0.769745 0.877661 0.741977 0.864855 0.718551 0.854305 0.699760 0.846140 0.685822 0.840449 0.676885 0.837290 0.673037 0.836692 0.674315 0.838658 0.680708 0.843166 0.692153 0.850169 0.708534 0.859589 0.729670 0.871314 0.755308 0.885195 0.785110 0.901039 0.818649 0.918611 0.855408 0.937630 0.894778 0.957775 0.936078 0.978692 0.978560 1.000000 
1.000000 0.980193 0.980234 0.940948 0.960836 0.902795 0.942159 0.866422 0.924536 0.832462 0.908267 0.801474 0.893613 0.773937 0.880794 0.750247 0.869987 0.730713 0.861329 0.715572 0.854920 0.704990 0.850827 0.699076 0.849091 0.697887 0.849726 0.701435 0.852722 0.709686 0.858049 0.722558 0.865648 0.739916 0.875433 0.761559 0.887282 0.787216 0.901039 0.816534 0.916506 0.849076 0.933444 0.884323 0.951575 0.921675 0.970585 0.960471 0.990134 1.000000 
1.000000 0.990953 0.963904 0.973026 0.928477 0.955599 0.894368 0.938986 0.862181 0.923477 0.832462 0.909328 0.805685 0.896760 0.782251 0.885953 0.762481 0.877051 0.746623 0.870161 0.734861 0.865360 0.727318 0.862697 0.724070 0.862194 0.725148 0.863856 0.730543 0.867664 0.740202 0.873576 0.754026 0.881527 0.771863 0.891422 0.793499 0.903136 0.818649 0.916506 0.846954 0.931333 0.877975 0.947380 0.911201 0.964376 0.946054 0.982023 0.981906 1.000000 
1.000000 0.983707 0.983741 0.951423 0.967783 0.920038 0.952420 0.890117 0.937923 0.862181 0.924540 0.836690 0.912486 0.814038 0.901942 0.794549 0.893052 0.778480 0.885931 0.766025 0.880660 0.757319 0.877295 0.752454 0.875869 0.751476 0.876393 0.754394 0.878861 0.761181 0.883245 0.771770 0.889497 0.786049 0.897547 0.803853 0.907295 0.824959 0.918611 0.849076 0.931333 0.875847 0.945264 0.904841 0.960175 0.935568 0.975809 0.967482 0.991887 1.000000 
1.000000 0.992787 0.971221 0.978494 0.942975 0.964600 0.915780 0.951354 0.890117 0.938989 0.866422 0.927708 0.845073 0.917688 0.826389 0.909072 0.810626 0.901975 0.797983 0.896483 0.788604 0.892657 0.782590 0.890534 0.780000 0.890136 0.780860 0.891462 0.785161 0.894500 0.792861 0.899215 0.803883 0.905555 0.818105 0.913446 0.835355 0.922785 0.855408 0.933444 0.877975 0.945264 0.902708 0.958056 0.929200 0.971604 0.956989 0.985670 0.985573 1.000000 
1.000000 0.987512 0.987538 0.962768 0.975307 0.938713 0.963532 0.915780 0.952421 0.894368 0.942164 0.874830 0.932925 0.857468 0.924843 0.842531 0.918031 0.830215 0.912573 0.820668 0.908534 0.813996 0.905957 0.810266 0.904865 0.809516 0.905268 0.811753 0.907160 0.816955 0.910522 0.825071 0.915315 0.836015 0.921486 0.849661 0.928957 0.865838 0.937630 0.884323 0.947380 0.904841 0.958056 0.927064 0.969483 0.950615 0.981463 0.975076 0.993783 1.000000 
1.000000 0.994751 0.979057 0.984350 0.958503 0.974239 0.938713 0.964600 0.920038 0.955602 0.902795 0.947393 0.887259 0.940101 0.873663 0.933832 0.862192 0.928668 0.852991 0.924672 0.846166 0.921888 0.841789 0.920345 0.839904 0.920055 0.840530 0.921022 0.843659 0.923233 0.849263 0.926666 0.857284 0.931280 0.867633 0.937022 0.880186 0.943819 0.894778 0.951575 0.911201 0.960175 0.929200 0.969483 0.948478 0.979340 0.968700 0.989574 0.989502 1.000000 
1.000000 0.991544 0.991562 0.974791 0.983281 0.958503 0.975308 0.942975 0.967785 0.928477 0.960840 0.915248 0.954584 0.903493 0.949112 0.893379 0.944500 0.885040 0.940805 0.878575 0.938070 0.874057 0.936326 0.871532 0.935587 0.871024 0.935861 0.872539 0.937143 0.876061 0.939419 0.881556 0.942666 0.888966 0.946844 0.898206 0.951903 0.909159 0.957775 0.921675 0.964376 0.935568 0.971604 0.950615 0.979340 0.966562 0.987451 0.983124 0.995791 1.000000 
1.000000 0.996811 0.987277 0.990493 0.974791 0.984350 0.962768 0.978495 0.951423 0.973028 0.940948 0.968041 0.931510 0.963612 0.923250 0.959803 0.916281 0.956666 0.910692 0.954239 0.906545 0.952548 0.903887 0.951611 0.902742 0.951435 0.903121 0.952023 0.905023 0.953367 0.908427 0.955452 0.913299 0.958256 0.919587 0.961745 0.927213 0.965873 0.936078 0.970585 0.946054 0.975809 0.956989 0.981463 0.968700 0.987451 0.980985 0.993667 0.993622 1.000000 
1.000000 0.995733 0.995742 0.987277 0.991562 0.979057 0.987538 0.971221 0.983741 0.963904 0.980236 0.957227 0.977079 0.951295 0.974318 0.946190 0.971990 0.941981 0.970125 0.938719 0.968746 0.936439 0.967865 0.935164 0.967493 0.934908 0.967631 0.935672 0.968278 0.937450 0.969428 0.940223 0.971066 0.943963 0.973175 0.948626 0.975728 0.954154 0.978692 0.960471 0.982023 0.967482 0.985670 0.975076 0.989574 0.983124 0.993667 0.991483 0.997876 1.000000 
1.000000 0.998930 0.995733 0.996811 0.991544 0.994751 0.987512 0.992787 0.983707 0.990953 0.980193 0.989281 0.977028 0.987795 0.974257 0.986517 0.971920 0.985465 0.970045 0.984651 0.968654 0.984084 0.967762 0.983770 0.967378 0.983711 0.967506 0.983908 0.968143 0.984359 0.969285 0.985059 0.970920 0.985999 0.973028 0.987169 0.975586 0.988554 0.978560 0.990134 0.981906 0.991887 0.985573 0.993783 0.989502 0.995791 0.993622 0.997876 0.997861 1.000000 
1.000000 1.000000 1.000000 1.000000 1.000000 1.000000 1.000000 1.000000 1.000000 1.000000 1.000000 1.000000 1.000000 1.000000 1.000000 1.000000 1.000000 1.000000 1.000000 1.000000 1.000000 1.000000 1.000000 1.000000 1.000000 1.000000 1.000000 1.000000 1.000000 1.000000 1.000000 1.000000 1.000000 1.000000 1.000000 1.000000 1.000000 1.000000 1.000000 1.000000 1.000000 1.000000 1.000000 1.000000 1.000000 1.000000 1.000000 1.000000 1.000000 1.000000 
PROCESSORS:1
SIZE:50
END
Rank:0
1.000000 1.000000 1.000000 1.000000 1.000000 1.000000 1.000000 1.000000 1.000000 1.000000 1.000000 1.000000 1.000000 1.000000 1.000000 1.000000 1.000000 1.000000 1.000000 1.000000 1.000000 1.000000 1.000000 1.000000 1.000000 1.000000 1.000000 1.000000 1.000000 1.000000 1.000000 1.000000 1.000000 1.000000 1.000000 1.000000 1.000000 1.000000 1.000000 1.000000 1.000000 1.000000 1.000000 1.000000 1.000000 1.000000 1.000000 1.000000 1.000000 1.000000 
1.000000 0.997861 0.997857 0.993622 0.995753 0.989502 0.993729 0.985573 0.991820 0.981906 0.990059 0.978560 0.988474 0.975586 0.987088 0.973028 0.985921 0.970920 0.984986 0.969285 0.984295 0.968143 0.983854 0.967506 0.983667 0.967378 0.983736 0.967762 0.984059 0.968654 0.984634 0.970045 0.985454 0.971920 0.986511 0.974257 0.987791 0.977028 0.989279 0.980193 0.990953 0.983707 0.992787 0.987512 0.994751 0.991544 0.996811 0.995733 0.998930 1.000000 
1.000000 0.997857 0.991483 0.993610 0.983124 0.989483 0.975076 0.985550 0.967482 0.981881 0.960471 0.978536 0.954154 0.975567 0.948626 0.973015 0.943963 0.970916 0.940223 0.969292 0.937450 0.968161 0.935672 0.967533 0.934908 0.967415 0.935164 0.967807 0.936439 0.968704 0.938719 0.970098 0.941981 0.971973 0.946190 0.974308 0.951295 0.977075 0.957227 0.980234 0.963904 0.983741 0.971221 0.987538 0.979057 0.991562 0.987277 0.995742 0.995733 1.000000 
1.000000 0.993622 0.993610 0.980985 0.987340 0.968700 0.981305 0.956989 0.975614 0.946054 0.970363 0.936078 0.965637 0.927213 0.961506 0.919587 0.958025 0.913299 0.955239 0.908427 0.953179 0.905023 0.951863 0.903121 0.951306 0.902742 0.951511 0.903887 0.952475 0.906545 0.954188 0.910692 0.956634 0.916281 0.959784 0.923250 0.963601 0.931510 0.968036 0.940948 0.973026 0.951423 0.978494 0.962768 0.984350 0.974791 0.990493 0.987277 0.996811 1.000000 
1.000000 0.995753 0.983124 0.987340 0.966562 0.979163 0.950615 0.971371 0.935568 0.964101 0.921675 0.957473 0.909159 0.951590 0.898206 0.946535 0.888966 0.942374 0.881556 0.939156 0.876061 0.936914 0.872539 0.935671 0.871024 0.935437 0.871532 0.936213 0.874057 0.937990 0.878575 0.940751 0.885040 0.944467 0.893379 0.949094 0.903493 0.954575 0.915248 0.960836 0.928477 0.967783 0.942975 0.975307 0.958503 0.983281 0.974791 0.991562 0.991544 1.000000 
1.000000 0.989502 0.989483 0.968700 0.979163 0.948478 0.969230 0.929200 0.959863 0.911201 0.951220 0.894778 0.943441 0.880186 0.936640 0.867633 0.930911 0.857284 0.926325 0.849263 0.922932 0.843659 0.920767 0.840530 0.919849 0.839904 0.920185 0.841789 0.921771 0.846166 0.924591 0.852991 0.928616 0.862192 0.933801 0.873663 0.940085 0.887259 0.947386 0.902795 0.955599 0.920038 0.964600 0.938713 0.974239 0.958503 0.984350 0.979057 0.994751 1.000000 
1.000000 0.993729 0.975076 0.981305 0.950615 0.969230 0.927064 0.957724 0.904841 0.946988 0.884323 0.937200 0.865838 0.928511 0.849661 0.921046 0.836015 0.914900 0.825071 0.910146 0.816955 0.906835 0.811753 0.904999 0.809516 0.904652 0.810266 0.905797 0.813996 0.908421 0.820668 0.912498 0.830215 0.917984 0.842531 0.924818 0.857468 0.932912 0.874830 0.942159 0.894368 0.952420 0.915780 0.963532 0.938713 0.975308 0.962768 0.987538 0.987512 1.000000 
1.000000 0.985573 0.985550 0.956989 0.971371 0.929200 0.957724 0.902708 0.944853 0.877975 0.932978 0.855408 0.922288 0.835355 0.912943 0.818105 0.905071 0.803883 0.898768 0.792861 0.894104 0.785161 0.891127 0.780860 0.889864 0.780000 0.890325 0.782590 0.892504 0.788604 0.896378 0.797983 0.901908 0.810626 0.909033 0.826389 0.917668 0.845073 0.927699 0.866422 0.938986 0.890117 0.951354 0.915780 0.964600 0.942975 0.978495 0.971221 0.992787 1.000000 
1.000000 0.991820 0.967482 0.975614 0.935568 0.959863 0.904841 0.944853 0.875847 0.930848 0.849076 0.918078 0.824959 0.906743 0.803853 0.897002 0.786049 0.888983 0.771770 0.882780 0.761181 0.878459 0.754394 0.876061 0.751476 0.875607 0.752454 0.877099 0.757319 0.880521 0.766025 0.885839 0.778480 0.892997 0.794549 0.901912 0.814038 0.912473 0.836690 0.924536 0.862181 0.937923 0.890117 0.952421 0.920038 0.967785 0.951423 0.983741 0.983707 1.000000 
1.000000 0.981906 0.981881 0.946054 0.964101 0.911201 0.946988 0.877975 0.930848 0.846954 0.915955 0.818649 0.902549 0.793499 0.890829 0.771863 0.880954 0.754026 0.873048 0.740202 0.867197 0.730543 0.863461 0.725148 0.861876 0.724070 0.862452 0.727318 0.865183 0.734861 0.870040 0.746623 0.876975 0.762481 0.885910 0.782251 0.896739 0.805685 0.909321 0.832462 0.923477 0.862181 0.938989 0.894368 0.955602 0.928477 0.973028 0.963904 0.990953 1.000000 
1.000000 0.990059 0.960471 0.970363 0.921675 0.951220 0.884323 0.932978 0.849076 0.915955 0.816534 0.900434 0.787216 0.886655 0.761559 0.874814 0.739916 0.865065 0.722558 0.857523 0.709686 0.852267 0.701435 0.849350 0.697887 0.848796 0.699076 0.850607 0.704990 0.854766 0.715572 0.861229 0.730713 0.869929 0.750247 0.880765 0.773937 0.893603 0.801474 0.908267 0.832462 0.924540 0.866422 0.942164 0.902795 0.960840 0.940948 0.980236 0.980193 1.000000 
1.000000 0.978560 0.978536 0.936078 0.957473 0.894778 0.937200 0.855408 0.918078 0.818649 0.900434 0.785110 0.884550 0.755308 0.870663 0.729670 0.858962 0.708534 0.849591 0.692153 0.842656 0.680708 0.838227 0.674315 0.836345 0.673037 0.837025 0.676885 0.840259 0.685822 0.846014 0.699760 0.854229 0.718551 0.864816 0.741977 0.877647 0.769745 0.892555 0.801474 0.909328 0.836690 0.927708 0.874830 0.947393 0.915248 0.968041 0.957227 0.989281 1.000000 
1.000000 0.988474 0.954154 0.965637 0.909159 0.943441 0.865838 0.922288 0.824959 0.902549 0.787216 0.884550 0.753213 0.868570 0.723456 0.854837 0.698354 0.843528 0.678222 0.834779 0.663292 0.828681 0.653722 0.825295 0.649606 0.824649 0.650985 0.826747 0.657844 0.831568 0.670116 0.839063 0.687677 0.849151 0.710332 0.861718 0.737808 0.876606 0.769745 0.893613 0.805685 0.912486 0.845073 0.932925 0.887259 0.954584 0.931510 0.977079 0.977028 1.000000 
1.000000 0.975586 0.975567 0.927213 0.951590 0.880186 0.928511 0.835355 0.906743 0.793499 0.886655 0.755308 0.868570 0.721373 0.852757 0.692180 0.839432 0.668112 0.828760 0.649458 0.820861 0.636425 0.815815 0.629146 0.813669 0.627689 0.814440 0.632071 0.818120 0.642247 0.824670 0.658117 0.834024 0.679514 0.846077 0.706189 0.860686 0.737808 0.877661 0.773937 0.896760 0.814038 0.917688 0.857468 0.940101 0.903493 0.963612 0.951295 0.987795 1.000000 
1.000000 0.987088 0.948626 0.961506 0.898206 0.936640 0.849661 0.912943 0.803853 0.890829 0.761559 0.870663 0.723456 0.852757 0.690111 0.837368 0.661981 0.824695 0.639422 0.814887 0.622691 0.808051 0.611966 0.804253 0.607354 0.803526 0.608898 0.805875 0.616583 0.811275 0.630335 0.819671 0.650013 0.830974 0.675399 0.845055 0.706189 0.861738 0.741977 0.880794 0.782251 0.901942 0.826389 0.924843 0.873663 0.949112 0.923250 0.974318 0.974257 1.000000 
1.000000 0.973028 0.973015 0.919587 0.946535 0.867633 0.921046 0.818105 0.897002 0.771863 0.874814 0.729670 0.854837 0.692180 0.837368 0.659927 0.822646 0.633337 0.810853 0.612729 0.802123 0.598330 0.796545 0.590286 0.794171 0.588677 0.795020 0.593517 0.799083 0.604759 0.806317 0.622292 0.816649 0.645929 0.829964 0.675399 0.846103 0.710332 0.864855 0.750247 0.885953 0.794549 0.909072 0.842531 0.933832 0.893379 0.959803 0.946190 0.986517 1.000000 
1.000000 0.985921 0.943963 0.958025 0.888966 0.930911 0.836015 0.905071 0.786049 0.880954 0.739916 0.858962 0.698354 0.839432 0.661981 0.822646 0.631298 0.808821 0.606690 0.798121 0.588440 0.790661 0.576742 0.786514 0.571710 0.785718 0.573393 0.788277 0.581776 0.794165 0.596775 0.803321 0.618239 0.815649 0.645929 0.831007 0.679514 0.849202 0.718551 0.869987 0.762481 0.893052 0.810626 0.918031 0.862192 0.944500 0.916281 0.971990 0.971920 1.000000 
1.000000 0.970920 0.970916 0.913299 0.942374 0.857284 0.914900 0.803883 0.888983 0.754026 0.865065 0.708534 0.843528 0.668112 0.824695 0.633337 0.808821 0.604667 0.796104 0.582447 0.786689 0.566921 0.780671 0.558248 0.778108 0.556512 0.779020 0.561730 0.783398 0.573850 0.791196 0.592753 0.802334 0.618239 0.816689 0.650013 0.834088 0.687677 0.854305 0.730713 0.877051 0.778480 0.901975 0.830215 0.928668 0.885040 0.956666 0.941981 0.985465 1.000000 
1.000000 0.984986 0.940223 0.955239 0.881556 0.926325 0.825071 0.898768 0.771770 0.873048 0.722558 0.849591 0.678222 0.828760 0.639422 0.810853 0.606690 0.796104 0.580439 0.784687 0.560971 0.776727 0.548490 0.772300 0.543122 0.771448 0.544917 0.774175 0.553858 0.780454 0.569858 0.790220 0.592753 0.803369 0.622292 0.819751 0.658117 0.839159 0.699760 0.861329 0.746623 0.885931 0.797983 0.912573 0.852991 0.940805 0.910692 0.970125 0.970045 1.000000 
1.000000 0.969285 0.969292 0.908427 0.939156 0.849263 0.910146 0.792861 0.882780 0.740202 0.857523 0.692153 0.834779 0.649458 0.814887 0.612729 0.798121 0.582447 0.784687 0.558977 0.774740 0.542578 0.768381 0.533417 0.765671 0.531582 0.766632 0.537092 0.771254 0.549893 0.779489 0.569858 0.791251 0.596775 0.806412 0.630335 0.824788 0.670116 0.846140 0.715572 0.870161 0.766025 0.896483 0.820668 0.924672 0.878575 0.954239 0.938719 0.984651 1.000000 
1.000000 0.984295 0.937450 0.953179 0.876061 0.922932 0.816955 0.894104 0.761181 0.867197 0.709686 0.842656 0.663292 0.820861 0.622691 0.802123 0.588440 0.786689 0.560971 0.774740 0.540598 0.766408 0.527537 0.761773 0.521919 0.760879 0.523796 0.763730 0.533151 0.770299 0.549893 0.780517 0.573850 0.794275 0.604759 0.811416 0.642247 0.831724 0.685822 0.854920 0.734861 0.880660 0.788604 0.908534 0.846166 0.938070 0.906545 0.968746 0.968654 1.000000 
1.000000 0.968143 0.968161 0.905023 0.936914 0.843659 0.906835 0.785161 0.878459 0.730543 0.852267 0.680708 0.828681 0.636425 0.808051 0.598330 0.790661 0.566921 0.776727 0.542578 0.766408 0.525568 0.759810 0.516065 0.756997 0.514161 0.757992 0.519875 0.762784 0.533151 0.771324 0.553858 0.783523 0.581776 0.799247 0.616583 0.818305 0.657844 0.840449 0.704990 0.865360 0.757319 0.892657 0.813996 0.921888 0.874057 0.952548 0.936439 0.984084 1.000000 
1.000000 0.983854 0.935672 0.951863 0.872539 0.920767 0.811753 0.891127 0.754394 0.863461 0.701435 0.838227 0.653722 0.815815 0.611966 0.796545 0.576742 0.780671 0.548490 0.768381 0.527537 0.759810 0.514104 0.755042 0.508325 0.754120 0.510255 0.757052 0.519875 0.763807 0.537092 0.774315 0.561730 0.788464 0.593517 0.806091 0.632071 0.826974 0.676885 0.850827 0.727318 0.877295 0.782590 0.905957 0.841789 0.936326 0.903887 0.967865 0.967762 1.000000 
1.000000 0.967506 0.967533 0.903121 0.935671 0.840530 0.904999 0.780860 0.876061 0.725148 0.849350 0.674315 0.825295 0.629146 0.804253 0.590286 0.786514 0.558248 0.772300 0.533417 0.761773 0.516065 0.755042 0.506371 0.752171 0.504428 0.753185 0.510255 0.758073 0.523796 0.766784 0.544917 0.779228 0.573393 0.795266 0.608898 0.814705 0.650985 0.837290 0.699076 0.862697 0.752454 0.890534 0.810266 0.920345 0.871532 0.951611 0.935164 0.983770 1.000000 
1.000000 0.983667 0.934908 0.951306 0.871024 0.919849 0.809516 0.889864 0.751476 0.861876 0.697887 0.836345 0.649606 0.813669 0.607354 0.794171 0.571710 0.778108 0.543122 0.765671 0.521919 0.756997 0.508325 0.752171 0.502476 0.751238 0.504428 0.754205 0.514161 0.761040 0.531582 0.771674 0.556512 0.785992 0.588677 0.803828 0.627689 0.824958 0.673037 0.849091 0.724070 0.875869 0.780000 0.904865 0.839904 0.935587 0.902742 0.967493 0.967378 1.000000 
1.000000 0.967378 0.967415 0.902742 0.935437 0.839904 0.904652 0.780000 0.875607 0.724070 0.848796 0.673037 0.824649 0.627689 0.803526 0.588677 0.785718 0.556512 0.771448 0.531582 0.760879 0.514161 0.754120 0.504428 0.751238 0.502476 0.752257 0.508325 0.757165 0.521919 0.765911 0.543122 0.778405 0.571710 0.794506 0.607354 0.814021 0.649606 0.836692 0.697887 0.862194 0.751476 0.890136 0.809516 0.920055 0.871024 0.951435 0.934908 0.983711 1.000000 
Rank:1
1.000000 0.983667 0.934908 0.951306 0.871024 0.919849 0.809516 0.889864 0.751476 0.861876 0.697887 0.836345 0.649606 0.813669 0.607354 0.794171 0.571710 0.778108 0.543122 0.765671 0.521919 0.756997 0.508325 0.752171 0.502476 0.751238 0.504428 0.754205 0.514161 0.761040 0.531582 0.771674 0.556512 0.785992 0.588677 0.803828 0.627689 0.824958 0.673037 0.849091 0.724070 0.875869 0.780000 0.904865 0.839904 0.935587 0.902742 0.967493 0.967378 1.000000 
1.000000 0.967378 0.967415 0.902742 0.935437 0.839904 0.904652 0.780000 0.875607 0.724070 0.848796 0.673037 0.824649 0.627689 0.803526 0.588677 0.785718 0.556512 0.771448 0.531582 0.760879 0.514161 0.754120 0.504428 0.751238 0.502476 0.752257 0.508325 0.757165 0.521919 0.765911 0.543122 0.778405 0.571710 0.794506 0.607354 0.814021 0.649606 0.836692 0.697887 0.862194 0.751476 0.890136 0.809516 0.920055 0.871024 0.951435 0.934908 0.983711 1.000000 
1.000000 0.983736 0.935164 0.951511 0.871532 0.920185 0.810266 0.890325 0.752454 0.862452 0.699076 0.837025 0.650985 0.814440 0.608898 0.795020 0.573393 0.779020 0.544917 0.766632 0.523796 0.757992 0.510255 0.753185 0.504428 0.752257 0.506371 0.755213 0.516065 0.762023 0.533417 0.772616 0.558248 0.786879 0.590286 0.804645 0.629146 0.825690 0.674315 0.849726 0.725148 0.876393 0.780860 0.905268 0.840530 0.935861 0.903121 0.967631 0.967506 1.000000 
1.000000 0.967762 0.967807 0.903887 0.936213 0.841789 0.905797 0.782590 0.877099 0.727318 0.850607 0.676885 0.826747 0.632071 0.805875 0.593517 0.788277 0.561730 0.774175 0.537092 0.763730 0.519875 0.757052 0.510255 0.754205 0.508325 0.755213 0.514104 0.760065 0.527537 0.768710 0.548490 0.781059 0.576742 0.796971 0.611966 0.816256 0.653722 0.838658 0.701435 0.863856 0.754394 0.891462 0.811753 0.921022 0.872539 0.952023 0.935672 0.983908 1.000000 
1.000000 0.984059 0.936439 0.952475 0.874057 0.921771 0.813996 0.892504 0.757319 0.865183 0.704990 0.840259 0.657844 0.818120 0.616583 0.799083 0.581776 0.783398 0.553858 0.771254 0.533151 0.762784 0.519875 0.758073 0.514161 0.757165 0.516065 0.760065 0.525568 0.766743 0.542578 0.777131 0.566921 0.791115 0.598330 0.808532 0.636425 0.829163 0.680708 0.852722 0.730543 0.878861 0.785161 0.907160 0.843659 0.937143 0.905023 0.968278 0.968143 1.000000 
1.000000 0.968654 0.968704 0.906545 0.937990 0.846166 0.908421 0.788604 0.880521 0.734861 0.854766 0.685822 0.831568 0.642247 0.811275 0.604759 0.794165 0.573850 0.780454 0.549893 0.770299 0.533151 0.763807 0.523796 0.761040 0.521919 0.762023 0.527537 0.766743 0.540598 0.775152 0.560971 0.787161 0.588440 0.802635 0.622691 0.821386 0.663292 0.843166 0.709686 0.867664 0.761181 0.894500 0.816955 0.923233 0.876061 0.953367 0.937450 0.984359 1.000000 
1.000000 0.984634 0.938719 0.954188 0.878575 0.924591 0.820668 0.896378 0.766025 0.870040 0.715572 0.846014 0.670116 0.824670 0.630335 0.806317 0.596775 0.791196 0.569858 0.779489 0.549893 0.771324 0.537092 0.766784 0.531582 0.765911 0.533417 0.768710 0.542578 0.775152 0.558977 0.785170 0.582447 0.798655 0.612729 0.815448 0.649458 0.835337 0.692153 0.858049 0.740202 0.883245 0.792861 0.910522 0.849263 0.939419 0.908427 0.969428 0.969285 1.000000 
1.000000 0.970045 0.970098 0.910692 0.940751 0.852991 0.912498 0.797983 0.885839 0.746623 0.861229 0.699760 0.839063 0.658117 0.819671 0.622292 0.803321 0.592753 0.790220 0.569858 0.780517 0.553858 0.774315 0.544917 0.771674 0.543122 0.772616 0.548490 0.777131 0.560971 0.785170 0.580439 0.796649 0.606690 0.811438 0.639422 0.829357 0.678222 0.850169 0.722558 0.873576 0.771770 0.899215 0.825071 0.926666 0.881556 0.955452 0.940223 0.985059 1.000000 
1.000000 0.985454 0.941981 0.956634 0.885040 0.928616 0.830215 0.901908 0.778480 0.876975 0.730713 0.854229 0.687677 0.834024 0.650013 0.816649 0.618239 0.802334 0.592753 0.791251 0.573850 0.783523 0.561730 0.779228 0.556512 0.778405 0.558248 0.781059 0.566921 0.787161 0.582447 0.796649 0.604667 0.809418 0.633337 0.825318 0.668112 0.844148 0.708534 0.865648 0.754026 0.889497 0.803883 0.915315 0.857284 0.942666 0.913299 0.971066 0.970920 1.000000 
1.000000 0.971920 0.971973 0.916281 0.944467 0.862192 0.917984 0.810626 0.892997 0.762481 0.869929 0.718551 0.849151 0.679514 0.830974 0.645929 0.815649 0.618239 0.803369 0.596775 0.794275 0.581776 0.788464 0.573393 0.785992 0.571710 0.786879 0.576742 0.791115 0.588440 0.798655 0.606690 0.809418 0.631298 0.823283 0.661981 0.840081 0.698354 0.859589 0.739916 0.881527 0.786049 0.905555 0.836015 0.931280 0.888966 0.958256 0.943963 0.985999 1.000000 
1.000000 0.986511 0.946190 0.959784 0.893379 0.933801 0.842531 0.909033 0.794549 0.885910 0.750247 0.864816 0.710332 0.846077 0.675399 0.829964 0.645929 0.816689 0.622292 0.806412 0.604759 0.799247 0.593517 0.795266 0.588677 0.794506 0.590286 0.796971 0.598330 0.802635 0.612729 0.811438 0.633337 0.823283 0.659927 0.838032 0.692180 0.855495 0.729670 0.875433 0.771863 0.897547 0.818105 0.921486 0.867633 0.946844 0.919587 0.973175 0.973028 1.000000 
1.000000 0.974257 0.974308 0.923250 0.949094 0.873663 0.924818 0.826389 0.901912 0.782251 0.880765 0.741977 0.861718 0.706189 0.845055 0.675399 0.831007 0.650013 0.819751 0.630335 0.811416 0.616583 0.806091 0.608898 0.803828 0.607354 0.804645 0.611966 0.808532 0.622691 0.815448 0.639422 0.825318 0.661981 0.838032 0.690111 0.853432 0.723456 0.871314 0.761559 0.891422 0.803853 0.913446 0.849661 0.937022 0.898206 0.961745 0.948626 0.987169 1.000000 
