Rank:0
1.000000 1.000000 1.000000 1.000000 1.000000 1.000000
1.000000 0.898438 0.671875 0.773438 0.703125 0.753906
1.000000 0.671875 0.687500 0.468750 0.589844 0.511719
1.000000 0.773438 0.468750 0.539062 0.417969 0.519531
1.000000 0.703125 0.589844 0.417969 0.500000 0.253906
1.000000 0.753906 0.511719 0.519531 0.253906 0.562500
1.000000 0.687500 0.593750 0.269531 0.566406 0.062500
1.000000 0.753906 0.335938 0.582031 0.062500 0.750000
1.000000 0.562500 0.648438 0.082031 0.750000 0.000000
1.000000 0.816406 0.199219 0.769531 0.003906 0.875000
1.000000 0.515625 0.843750 0.042969 0.882812 0.003906
1.000000 0.945312 0.218750 0.914062 0.042969 0.769531
1.000000 0.609375 0.960938 0.218750 0.843750 0.199219
1.000000 0.992188 0.609375 0.945312 0.515625 0.816406
1.000000 1.000000 1.000000 1.000000 1.000000 1.000000
Rank:1
1.000000 1.000000 1.000000 1.000000 1.000000 1.000000 1.000000
0.703125 0.753906 0.687500 0.753906 0.562500 0.816406 0.515625
0.589844 0.511719 0.593750 0.335938 0.648438 0.199219 0.843750
0.417969 0.519531 0.269531 0.582031 0.082031 0.769531 0.042969
0.500000 0.253906 0.566406 0.062500 0.750000 0.003906 0.882812
0.253906 0.562500 0.062500 0.750000 0.000000 0.875000 0.003906
0.566406 0.062500 0.750000 0.000000 0.875000 0.000000 0.750000
0.062500 0.750000 0.000000 0.875000 0.000000 0.750000 0.062500
0.750000 0.000000 0.875000 0.000000 0.750000 0.062500 0.566406
0.003906 0.875000 0.000000 0.750000 0.062500 0.562500 0.253906
0.882812 0.003906 0.750000 0.062500 0.566406 0.253906 0.500000
0.042969 0.769531 0.082031 0.582031 0.269531 0.519531 0.417969
0.843750 0.199219 0.648438 0.335938 0.593750 0.511719 0.589844
0.515625 0.816406 0.562500 0.753906 0.687500 0.753906 0.703125
1.000000 1.000000 1.000000 1.000000 1.000000 1.000000 1.000000
Rank:2
1.000000 1.000000 1.000000 1.000000 1.000000 1.000000
0.816406 0.515625 0.945312 0.609375 0.992188 1.000000
0.199219 0.843750 0.218750 0.960938 0.609375 1.000000
0.769531 0.042969 0.914062 0.218750 0.945312 1.000000
0.003906 0.882812 0.042969 0.843750 0.515625 1.000000
0.875000 0.003906 0.769531 0.199219 0.816406 1.000000
0.000000 0.750000 0.082031 0.648438 0.562500 1.000000
0.750000 0.062500 0.582031 0.335938 0.753906 1.000000
0.062500 0.566406 0.269531 0.593750 0.687500 1.000000
0.562500 0.253906 0.519531 0.511719 0.753906 1.000000
0.253906 0.500000 0.417969 0.589844 0.703125 1.000000
0.519531 0.417969 0.539062 0.468750 0.773438 1.000000
0.511719 0.589844 0.468750 0.687500 0.671875 1.000000
0.753906 0.703125 0.773438 0.671875 0.898438 1.000000
1.000000 1.000000 1.000000 1.000000 1.000000 1.000000
PROCESSORS:3
SIZE:15
END
Rank:0
1.000000 1.000000 1.000000 1.000000 1.000000 1.000000
1.000000 0.898438 0.671875 0.773438 0.703125 0.753906
1.000000 0.671875 0.687500 0.468750 0.589844 0.511719
1.000000 0.773438 0.468750 0.539062 0.417969 0.519531
1.000000 0.703125 0.589844 0.417969 0.500000 0.253906
1.000000 0.753906 0.511719 0.519531 0.253906 0.562500
1.000000 0.687500 0.593750 0.269531 0.566406 0.062500
1.000000 0.753906 0.335938 0.582031 0.062500 0.750000
1.000000 0.562500 0.648438 0.082031 0.750000 0.000000
1.000000 0.816406 0.199219 0.769531 0.003906 0.875000
1.000000 0.515625 0.843750 0.042969 0.882812 0.003906
1.000000 0.945312 0.218750 0.914062 0.042969 0.769531
1.000000 0.609375 0.960938 0.218750 0.843750 0.199219
1.000000 0.992188 0.609375 0.945312 0.515625 0.816406
1.000000 1.000000 1.000000 1.000000 1.000000 1.000000
Rank:1
1.000000 1.000000 1.000000 1.000000 1.000000 1.000000 1.000000
0.703125 0.753906 0.687500 0.753906 0.562500 0.816406 0.515625
0.589844 0.511719 0.593750 0.335938 0.648438 0.199219 0.843750
0.417969 0.519531 0.269531 0.582031 0.082031 0.769531 0.042969
0.500000 0.253906 0.566406 0.062500 0.750000 0.003906 0.882812
0.253906 0.562500 0.062500 0.750000 0.000000 0.875000 0.003906
0.566406 0.062500 0.750000 0.000000 0.875000 0.000000 0.750000
0.062500 0.750000 0.000000 0.875000 0.000000 0.750000 0.062500
0.750000 0.000000 0.875000 0.000000 0.750000 0.062500 0.566406
0.003906 0.875000 0.000000 0.750000 0.062500 0.562500 0.253906
0.882812 0.003906 0.750000 0.062500 0.566406 0.253906 0.500000
0.042969 0.769531 0.082031 0.582031 0.269531 0.519531 0.417969
0.843750 0.199219 0.648438 0.335938 0.593750 0.511719 0.589844
0.515625 0.816406 0.562500 0.753906 0.687500 0.753906 0.703125
1.000000 1.000000 1.000000 1.000000 1.000000 1.000000 1.000000
Rank:2
1.000000 1.000000 1.000000 1.000000 1.000000 1.000000
0.816406 0.515625 0.945312 0.609375 0.992188 1.000000
0.199219 0.843750 0.218750 0.960938 0.609375 1.000000
0.769531 0.042969 0.914062 0.218750 0.945312 1.000000
0.003906 0.882812 0.042969 0.843750 0.515625 1.000000
0.875000 0.003906 0.769531 0.199219 0.816406 1.000000
0.000000 0.750000 0.082031 0.648438 0.562500 1.000000
0.750000 0.062500 0.582031 0.335938 0.753906 1.000000
0.062500 0.566406 0.269531 0.593750 0.687500 1.000000
0.562500 0.253906 0.519531 0.511719 0.753906 1.000000
0.253906 0.500000 0.417969 0.589844 0.703125 1.000000
0.519531 0.417969 0.539062 0.468750 0.773438 1.000000
0.511719 0.589844 0.468750 0.687500 0.671875 1.000000
0.753906 0.703125 0.773438 0.671875 0.898438 1.000000
1.000000 1.000000 1.000000 1.000000 1.000000 1.000000
PROCESSORS:3
SIZE:15
END
Rank:0
1.000000 1.000000 1.000000 1.000000 1.000000 1.000000 1.000000
1.000000 0.898438 0.671875 0.773438 0.703125 0.753906 0.687500
1.000000 0.671875 0.687500 0.468750 0.589844 0.511719 0.593750
1.000000 0.773438 0.468750 0.539062 0.417969 0.519531 0.269531
1.000000 0.703125 0.589844 0.417969 0.500000 0.253906 0.566406
1.000000 0.753906 0.511719 0.519531 0.253906 0.562500 0.062500
1.000000 0.687500 0.593750 0.269531 0.566406 0.062500 0.750000
1.000000 0.753906 0.335938 0.582031 0.062500 0.750000 0.000000
1.000000 0.562500 0.648438 0.082031 0.750000 0.000000 0.875000
1.000000 0.816406 0.199219 0.769531 0.003906 0.875000 0.000000
1.000000 0.511719 0.843750 0.039062 0.878906 0.000000 0.750000
1.000000 0.945312 0.179688 0.894531 0.003906 0.750000 0.062500
1.000000 0.507812 0.917969 0.039062 0.750000 0.062500 0.562500
1.000000 0.933594 0.179688 0.750000 0.066406 0.562500 0.250000
1.000000 0.507812 0.750000 0.101562 0.562500 0.250000 0.500000
1.000000 0.808594 0.242188 0.566406 0.257812 0.500000 0.378906
1.000000 0.574219 0.625000 0.308594 0.519531 0.414062 0.519531
1.000000 0.804688 0.492188 0.613281 0.515625 0.585938 0.429688
1.000000 0.816406 0.808594 0.710938 0.757812 0.699219 0.753906
1.000000 1.000000 1.000000 1.000000 1.000000 1.000000 1.000000
Rank:1
1.000000 1.000000 1.000000 1.000000 1.000000 1.000000 1.000000 1.000000 1.000000
0.753906 0.687500 0.753906 0.562500 0.816406 0.511719 0.945312 0.457031 1.000000
0.511719 0.593750 0.335938 0.648438 0.199219 0.843750 0.179688 0.949219 0.062500
0.519531 0.269531 0.582031 0.082031 0.769531 0.039062 0.894531 0.035156 0.750000
0.253906 0.566406 0.062500 0.750000 0.003906 0.878906 0.003906 0.718750 0.000000
0.562500 0.062500 0.750000 0.000000 0.875000 0.000000 0.750000 0.031250 0.500000
0.062500 0.750000 0.000000 0.875000 0.000000 0.750000 0.062500 0.562500 0.250000
0.750000 0.000000 0.875000 0.000000 0.750000 0.062500 0.562500 0.281250 0.500000
0.000000 0.875000 0.000000 0.750000 0.062500 0.562500 0.250000 0.500000 0.500000
0.875000 0.000000 0.750000 0.062500 0.562500 0.250000 0.500000 0.406250 0.500000
0.000000 0.750000 0.062500 0.562500 0.250000 0.500000 0.375000 0.500000 0.250000
0.750000 0.062500 0.562500 0.250000 0.500000 0.375000 0.500000 0.218750 0.500000
0.062500 0.562500 0.250000 0.500000 0.375000 0.500000 0.250000 0.500000 0.000000
0.562500 0.250000 0.500000 0.375000 0.500000 0.250000 0.500000 0.062500 0.500000
0.250000 0.500000 0.375000 0.500000 0.250000 0.500000 0.062500 0.500000 0.000000
0.500000 0.378906 0.503906 0.253906 0.500000 0.066406 0.503906 0.003906 0.500000
0.414062 0.519531 0.289062 0.519531 0.101562 0.519531 0.039062 0.519531 0.000000
0.585938 0.429688 0.593750 0.242188 0.585938 0.179688 0.593750 0.148438 0.500000
0.699219 0.753906 0.570312 0.753906 0.507812 0.753906 0.507812 0.699219 0.375000
1.000000 1.000000 1.000000 1.000000 1.000000 1.000000 1.000000 1.000000 1.000000
Rank:2
1.000000 1.000000 1.000000 1.000000 1.000000 1.000000 1.000000 1.000000
0.457031 0.933594 0.507812 0.808594 0.574219 0.804688 0.816406 1.000000
0.949219 0.179688 0.750000 0.242188 0.625000 0.492188 0.808594 1.000000
0.035156 0.750000 0.101562 0.566406 0.308594 0.613281 0.710938 1.000000
0.718750 0.066406 0.562500 0.257812 0.519531 0.515625 0.757812 1.000000
0.031250 0.562500 0.250000 0.500000 0.414062 0.585938 0.699219 1.000000
0.562500 0.250000 0.500000 0.378906 0.519531 0.429688 0.753906 1.000000
0.281250 0.500000 0.375000 0.503906 0.289062 0.593750 0.570312 1.000000
0.500000 0.375000 0.500000 0.253906 0.519531 0.242188 0.753906 1.000000
0.406250 0.500000 0.250000 0.500000 0.101562 0.585938 0.507812 1.000000
0.500000 0.250000 0.500000 0.066406 0.519531 0.179688 0.753906 1.000000
0.218750 0.500000 0.062500 0.503906 0.039062 0.593750 0.507812 1.000000
0.500000 0.062500 0.500000 0.003906 0.519531 0.179688 0.753906 1.000000
0.062500 0.500000 0.000000 0.500000 0.039062 0.585938 0.511719 1.000000
0.500000 0.000000 0.500000 0.003906 0.519531 0.199219 0.753906 1.000000
0.003906 0.500000 0.003906 0.507812 0.082031 0.593750 0.566406 1.000000
0.519531 0.039062 0.519531 0.082031 0.539062 0.355469 0.757812 1.000000
0.148438 0.585938 0.199219 0.593750 0.355469 0.648438 0.746094 1.000000
0.699219 0.511719 0.753906 0.566406 0.757812 0.746094 0.867188 1.000000
1.000000 1.000000 1.000000 1.000000 1.000000 1.000000 1.000000 1.000000
PROCESSORS:3
SIZE:20
END
Rank:0
1.000000 1.000000 1.000000 1.000000 1.000000 1.000000 1.000000
1.000000 0.898438 0.671875 0.773438 0.703125 0.753906 0.687500
1.000000 0.671875 0.687500 0.468750 0.589844 0.511719 0.593750
1.000000 0.773438 0.468750 0.539062 0.417969 0.519531 0.269531
1.000000 0.703125 0.589844 0.417969 0.500000 0.253906 0.566406
1.000000 0.753906 0.511719 0.519531 0.253906 0.562500 0.062500
1.000000 0.687500 0.593750 0.269531 0.566406 0.062500 0.750000
1.000000 0.753906 0.335938 0.582031 0.062500 0.750000 0.000000
1.000000 0.562500 0.648438 0.082031 0.750000 0.000000 0.875000
1.000000 0.816406 0.199219 0.769531 0.003906 0.875000 0.000000
1.000000 0.511719 0.843750 0.039062 0.878906 0.000000 0.750000
1.000000 0.945312 0.179688 0.894531 0.003906 0.750000 0.062500
1.000000 0.507812 0.917969 0.039062 0.750000 0.062500 0.562500
1.000000 0.933594 0.179688 0.750000 0.066406 0.562500 0.250000
1.000000 0.507812 0.750000 0.101562 0.562500 0.250000 0.500000
1.000000 0.808594 0.242188 0.566406 0.257812 0.500000 0.378906
1.000000 0.574219 0.625000 0.308594 0.519531 0.414062 0.519531
1.000000 0.804688 0.492188 0.613281 0.515625 0.585938 0.429688
1.000000 0.816406 0.808594 0.710938 0.757812 0.699219 0.753906
1.000000 1.000000 1.000000 1.000000 1.000000 1.000000 1.000000
Rank:1
1.000000 1.000000 1.000000 1.000000 1.000000 1.000000 1.000000 1.000000 1.000000
0.753906 0.687500 0.753906 0.562500 0.816406 0.511719 0.945312 0.457031 1.000000
0.511719 0.593750 0.335938 0.648438 0.199219 0.843750 0.179688 0.949219 0.062500
0.519531 0.269531 0.582031 0.082031 0.769531 0.039062 0.894531 0.035156 0.750000
0.253906 0.566406 0.062500 0.750000 0.003906 0.878906 0.003906 0.718750 0.000000
0.562500 0.062500 0.750000 0.000000 0.875000 0.000000 0.750000 0.031250 0.500000
0.062500 0.750000 0.000000 0.875000 0.000000 0.750000 0.062500 0.562500 0.250000
0.750000 0.000000 0.875000 0.000000 0.750000 0.062500 0.562500 0.281250 0.500000
0.000000 0.875000 0.000000 0.750000 0.062500 0.562500 0.250000 0.500000 0.500000
0.875000 0.000000 0.750000 0.062500 0.562500 0.250000 0.500000 0.406250 0.500000
0.000000 0.750000 0.062500 0.562500 0.250000 0.500000 0.375000 0.500000 0.250000
0.750000 0.062500 0.562500 0.250000 0.500000 0.375000 0.500000 0.218750 0.500000
0.062500 0.562500 0.250000 0.500000 0.375000 0.500000 0.250000 0.500000 0.000000
0.562500 0.250000 0.500000 0.375000 0.500000 0.250000 0.500000 0.062500 0.500000
0.250000 0.500000 0.375000 0.500000 0.250000 0.500000 0.062500 0.500000 0.000000
0.500000 0.378906 0.503906 0.253906 0.500000 0.066406 0.503906 0.003906 0.500000
0.414062 0.519531 0.289062 0.519531 0.101562 0.519531 0.039062 0.519531 0.000000
0.585938 0.429688 0.593750 0.242188 0.585938 0.179688 0.593750 0.148438 0.500000
0.699219 0.753906 0.570312 0.753906 0.507812 0.753906 0.507812 0.699219 0.375000
1.000000 1.000000 1.000000 1.000000 1.000000 1.000000 1.000000 1.000000 1.000000
Rank:2
1.000000 1.000000 1.000000 1.000000 1.000000 1.000000 1.000000 1.000000
0.457031 0.933594 0.507812 0.808594 0.574219 0.804688 0.816406 1.000000
0.949219 0.179688 0.750000 0.242188 0.625000 0.492188 0.808594 1.000000
0.035156 0.750000 0.101562 0.566406 0.308594 0.613281 0.710938 1.000000
0.718750 0.066406 0.562500 0.257812 0.519531 0.515625 0.757812 1.000000
0.031250 0.562500 0.250000 0.500000 0.414062 0.585938 0.699219 1.000000
0.562500 0.250000 0.500000 0.378906 0.519531 0.429688 0.753906 1.000000
0.281250 0.500000 0.375000 0.503906 0.289062 0.593750 0.570312 1.000000
0.500000 0.375000 0.500000 0.253906 0.519531 0.242188 0.753906 1.000000
0.406250 0.500000 0.250000 0.500000 0.101562 0.585938 0.507812 1.000000
0.500000 0.250000 0.500000 0.066406 0.519531 0.179688 0.753906 1.000000
0.218750 0.500000 0.062500 0.503906 0.039062 0.593750 0.507812 1.000000
0.500000 0.062500 0.500000 0.003906 0.519531 0.179688 0.753906 1.000000
0.062500 0.500000 0.000000 0.500000 0.039062 0.585938 0.511719 1.000000
0.500000 0.000000 0.500000 0.003906 0.519531 0.199219 0.753906 1.000000
0.003906 0.500000 0.003906 0.507812 0.082031 0.593750 0.566406 1.000000
0.519531 0.039062 0.519531 0.082031 0.539062 0.355469 0.757812 1.000000
0.148438 0.585938 0.199219 0.593750 0.355469 0.648438 0.746094 1.000000
0.699219 0.511719 0.753906 0.566406 0.757812 0.746094 0.867188 1.000000
1.000000 1.000000 1.000000 1.000000 1.000000 1.000000 1.000000 1.000000
PROCESSORS:3
SIZE:20
END
Rank:0
1.000000 1.000000 1.000000 1.000000 1.000000
1.000000 0.898438 0.671875 0.773438 0.703125
1.000000 0.671875 0.687500 0.468750 0.589844
1.000000 0.773438 0.468750 0.539062 0.417969
1.000000 0.703125 0.589844 0.417969 0.500000
1.000000 0.753906 0.511719 0.519531 0.253906
1.000000 0.687500 0.593750 0.269531 0.566406
1.000000 0.753906 0.335938 0.582031 0.062500
1.000000 0.562500 0.648438 0.082031 0.750000
1.000000 0.816406 0.199219 0.769531 0.003906
1.000000 0.511719 0.843750 0.039062 0.878906
1.000000 0.945312 0.179688 0.894531 0.003906
1.000000 0.507812 0.917969 0.039062 0.750000
1.000000 0.933594 0.179688 0.750000 0.066406
1.000000 0.507812 0.750000 0.101562 0.562500
1.000000 0.808594 0.242188 0.566406 0.257812
1.000000 0.574219 0.625000 0.308594 0.519531
1.000000 0.804688 0.492188 0.613281 0.515625
1.000000 0.816406 0.808594 0.710938 0.757812
1.000000 1.000000 1.000000 1.000000 1.000000
Rank:1
1.000000 1.000000 1.000000 1.000000 1.000000 1.000000
0.687500 0.703125 0.753906 0.687500 0.753906 0.562500
0.312500 0.589844 0.511719 0.593750 0.335938 0.648438
0.500000 0.417969 0.519531 0.269531 0.582031 0.082031
0.500000 0.500000 0.253906 0.566406 0.062500 0.750000
0.500000 0.253906 0.562500 0.062500 0.750000 0.000000
0.250000 0.566406 0.062500 0.750000 0.000000 0.875000
0.500000 0.062500 0.750000 0.000000 0.875000 0.000000
0.000000 0.750000 0.000000 0.875000 0.000000 0.750000
0.750000 0.003906 0.875000 0.000000 0.750000 0.062500
0.000000 0.878906 0.000000 0.750000 0.062500 0.562500
1.000000 0.003906 0.750000 0.062500 0.562500 0.250000
0.000000 0.750000 0.062500 0.562500 0.250000 0.500000
0.750000 0.066406 0.562500 0.250000 0.500000 0.375000
0.000000 0.562500 0.250000 0.500000 0.375000 0.500000
0.500000 0.257812 0.500000 0.378906 0.503906 0.253906
0.250000 0.519531 0.414062 0.519531 0.289062 0.519531
0.562500 0.515625 0.585938 0.429688 0.593750 0.242188
0.687500 0.757812 0.699219 0.753906 0.570312 0.753906
1.000000 1.000000 1.000000 1.000000 1.000000 1.000000
Rank:2
1.000000 1.000000 1.000000 1.000000 1.000000 1.000000
0.753906 0.562500 0.816406 0.511719 0.945312 0.375000
0.335938 0.648438 0.199219 0.843750 0.179688 1.000000
0.582031 0.082031 0.769531 0.039062 0.894531 0.000000
0.062500 0.750000 0.003906 0.878906 0.003906 0.750000
0.750000 0.000000 0.875000 0.000000 0.750000 0.000000
0.000000 0.875000 0.000000 0.750000 0.062500 0.500000
0.875000 0.000000 0.750000 0.062500 0.562500 0.250000
0.000000 0.750000 0.062500 0.562500 0.250000 0.500000
0.750000 0.062500 0.562500 0.250000 0.500000 0.500000
0.062500 0.562500 0.250000 0.500000 0.375000 0.500000
0.562500 0.250000 0.500000 0.375000 0.500000 0.250000
0.250000 0.500000 0.375000 0.500000 0.250000 0.500000
0.500000 0.375000 0.500000 0.250000 0.500000 0.000000
0.375000 0.500000 0.250000 0.500000 0.062500 0.500000
0.503906 0.253906 0.500000 0.066406 0.503906 0.000000
0.289062 0.519531 0.101562 0.519531 0.039062 0.500000
0.593750 0.242188 0.585938 0.179688 0.593750 0.062500
0.570312 0.753906 0.507812 0.753906 0.507812 0.687500
1.000000 1.000000 1.000000 1.000000 1.000000 1.000000
Rank:3
1.000000 1.000000 1.000000 1.000000 1.000000 1.000000
0.945312 0.507812 0.933594 0.507812 0.750000 0.375000
0.179688 0.917969 0.179688 0.750000 0.179688 0.500000
0.894531 0.039062 0.750000 0.101562 0.562500 0.250000
0.003906 0.750000 0.066406 0.562500 0.285156 0.500000
0.750000 0.062500 0.562500 0.250000 0.500000 0.500000
0.062500 0.562500 0.250000 0.500000 0.406250 0.500000
0.562500 0.250000 0.500000 0.375000 0.500000 0.250000
0.250000 0.500000 0.375000 0.500000 0.218750 0.500000
0.500000 0.375000 0.500000 0.250000 0.500000 0.000000
0.375000 0.500000 0.250000 0.500000 0.062500 0.500000
0.500000 0.250000 0.500000 0.062500 0.500000 0.000000
0.250000 0.500000 0.062500 0.500000 0.000000 0.500000
0.500000 0.062500 0.500000 0.000000 0.500000 0.000000
0.062500 0.500000 0.000000 0.500000 0.000000 0.500000
0.503906 0.003906 0.500000 0.003906 0.503906 0.000000
0.039062 0.519531 0.039062 0.519531 0.050781 0.500000
0.593750 0.179688 0.585938 0.199219 0.578125 0.250000
0.507812 0.753906 0.511719 0.753906 0.539062 0.687500
1.000000 1.000000 1.000000 1.000000 1.000000 1.000000
Rank:4
1.000000 1.000000 1.000000 1.000000 1.000000
0.453125 0.734375 0.593750 0.859375 1.000000
0.625000 0.250000 0.625000 0.671875 1.000000
0.140625 0.515625 0.453125 0.750000 1.000000
0.500000 0.390625 0.562500 0.718750 1.000000
0.375000 0.500000 0.500000 0.718750 1.000000
0.500000 0.390625 0.562500 0.578125 1.000000
0.375000 0.515625 0.250000 0.734375 1.000000
0.500000 0.140625 0.562500 0.453125 1.000000
0.125000 0.500000 0.125000 0.718750 1.000000
0.500000 0.015625 0.562500 0.453125 1.000000
0.000000 0.515625 0.125000 0.734375 1.000000
0.500000 0.015625 0.562500 0.453125 1.000000
0.000000 0.500000 0.125000 0.718750 1.000000
0.500000 0.015625 0.562500 0.468750 1.000000
0.000000 0.515625 0.187500 0.734375 1.000000
0.515625 0.125000 0.562500 0.609375 1.000000
0.187500 0.562500 0.500000 0.734375 1.000000
0.734375 0.609375 0.734375 0.875000 1.000000
1.000000 1.000000 1.000000 1.000000 1.000000
PROCESSORS:5
SIZE:20
END
Rank:0
1.000000 1.000000 1.000000 1.000000 1.000000
1.000000 0.898438 0.671875 0.773438 0.703125
1.000000 0.671875 0.687500 0.468750 0.589844
1.000000 0.773438 0.468750 0.539062 0.417969
1.000000 0.703125 0.589844 0.417969 0.500000
1.000000 0.753906 0.511719 0.519531 0.253906
1.000000 0.687500 0.593750 0.269531 0.566406
1.000000 0.753906 0.335938 0.582031 0.062500
1.000000 0.562500 0.648438 0.082031 0.750000
1.000000 0.816406 0.199219 0.769531 0.003906
1.000000 0.511719 0.843750 0.039062 0.878906
1.000000 0.945312 0.179688 0.894531 0.003906
1.000000 0.507812 0.917969 0.039062 0.750000
1.000000 0.933594 0.179688 0.750000 0.066406
1.000000 0.507812 0.750000 0.101562 0.562500
1.000000 0.808594 0.242188 0.566406 0.257812
1.000000 0.574219 0.625000 0.308594 0.519531
1.000000 0.804688 0.492188 0.613281 0.515625
1.000000 0.816406 0.808594 0.710938 0.757812
1.000000 1.000000 1.000000 1.000000 1.000000
Rank:1
1.000000 1.000000 1.000000 1.000000 1.000000 1.000000
0.687500 0.703125 0.753906 0.687500 0.753906 0.562500
0.312500 0.589844 0.511719 0.593750 0.335938 0.648438
0.500000 0.417969 0.519531 0.269531 0.582031 0.082031
0.500000 0.500000 0.253906 0.566406 0.062500 0.750000
0.500000 0.253906 0.562500 0.062500 0.750000 0.000000
0.250000 0.566406 0.062500 0.750000 0.000000 0.875000
0.500000 0.062500 0.750000 0.000000 0.875000 0.000000
0.000000 0.750000 0.000000 0.875000 0.000000 0.750000
0.750000 0.003906 0.875000 0.000000 0.750000 0.062500
0.000000 0.878906 0.000000 0.750000 0.062500 0.562500
1.000000 0.003906 0.750000 0.062500 0.562500 0.250000
0.000000 0.750000 0.062500 0.562500 0.250000 0.500000
0.750000 0.066406 0.562500 0.250000 0.500000 0.375000
0.000000 0.562500 0.250000 0.500000 0.375000 0.500000
0.500000 0.257812 0.500000 0.378906 0.503906 0.253906
0.250000 0.519531 0.414062 0.519531 0.289062 0.519531
0.562500 0.515625 0.585938 0.429688 0.593750 0.242188
0.687500 0.757812 0.699219 0.753906 0.570312 0.753906
1.000000 1.000000 1.000000 1.000000 1.000000 1.000000
Rank:2
1.000000 1.000000 1.000000 1.000000 1.000000 1.000000
0.753906 0.562500 0.816406 0.511719 0.945312 0.375000
0.335938 0.648438 0.199219 0.843750 0.179688 1.000000
0.582031 0.082031 0.769531 0.039062 0.894531 0.000000
0.062500 0.750000 0.003906 0.878906 0.003906 0.750000
0.750000 0.000000 0.875000 0.000000 0.750000 0.000000
0.000000 0.875000 0.000000 0.750000 0.062500 0.500000
0.875000 0.000000 0.750000 0.062500 0.562500 0.250000
0.000000 0.750000 0.062500 0.562500 0.250000 0.500000
0.750000 0.062500 0.562500 0.250000 0.500000 0.500000
0.062500 0.562500 0.250000 0.500000 0.375000 0.500000
0.562500 0.250000 0.500000 0.375000 0.500000 0.250000
0.250000 0.500000 0.375000 0.500000 0.250000 0.500000
0.500000 0.375000 0.500000 0.250000 0.500000 0.000000
0.375000 0.500000 0.250000 0.500000 0.062500 0.500000
0.503906 0.253906 0.500000 0.066406 0.503906 0.000000
0.289062 0.519531 0.101562 0.519531 0.039062 0.500000
0.593750 0.242188 0.585938 0.179688 0.593750 0.062500
0.570312 0.753906 0.507812 0.753906 0.507812 0.687500
1.000000 1.000000 1.000000 1.000000 1.000000 1.000000
Rank:3
1.000000 1.000000 1.000000 1.000000 1.000000 1.000000
0.945312 0.507812 0.933594 0.507812 0.750000 0.375000
0.179688 0.917969 0.179688 0.750000 0.179688 0.500000
0.894531 0.039062 0.750000 0.101562 0.562500 0.250000
0.003906 0.750000 0.066406 0.562500 0.285156 0.500000
0.750000 0.062500 0.562500 0.250000 0.500000 0.500000
0.062500 0.562500 0.250000 0.500000 0.406250 0.500000
0.562500 0.250000 0.500000 0.375000 0.500000 0.250000
0.250000 0.500000 0.375000 0.500000 0.218750 0.500000
0.500000 0.375000 0.500000 0.250000 0.500000 0.000000
0.375000 0.500000 0.250000 0.500000 0.062500 0.500000
0.500000 0.250000 0.500000 0.062500 0.500000 0.000000
0.250000 0.500000 0.062500 0.500000 0.000000 0.500000
0.500000 0.062500 0.500000 0.000000 0.500000 0.000000
0.062500 0.500000 0.000000 0.500000 0.000000 0.500000
0.503906 0.003906 0.500000 0.003906 0.503906 0.000000
0.039062 0.519531 0.039062 0.519531 0.050781 0.500000
0.593750 0.179688 0.585938 0.199219 0.578125 0.250000
0.507812 0.753906 0.511719 0.753906 0.539062 0.687500
1.000000 1.000000 1.000000 1.000000 1.000000 1.000000
Rank:4
1.000000 1.000000 1.000000 1.000000 1.000000
0.453125 0.734375 0.593750 0.859375 1.000000
0.625000 0.250000 0.625000 0.671875 1.000000
0.140625 0.515625 0.453125 0.750000 1.000000
0.500000 0.390625 0.562500 0.718750 1.000000
0.375000 0.500000 0.500000 0.718750 1.000000
0.500000 0.390625 0.562500 0.578125 1.000000
0.375000 0.515625 0.250000 0.734375 1.000000
0.500000 0.140625 0.562500 0.453125 1.000000
0.125000 0.500000 0.125000 0.718750 1.000000
0.500000 0.015625 0.562500 0.453125 1.000000
0.000000 0.515625 0.125000 0.734375 1.000000
0.500000 0.015625 0.562500 0.453125 1.000000
0.000000 0.500000 0.125000 0.718750 1.000000
0.500000 0.015625 0.562500 0.468750 1.000000
0.000000 0.515625 0.187500 0.734375 1.000000
0.515625 0.125000 0.562500 0.609375 1.000000
0.187500 0.562500 0.500000 0.734375 1.000000
0.734375 0.609375 0.734375 0.875000 1.000000
1.000000 1.000000 1.000000 1.000000 1.000000
PROCESSORS:5
SIZE:20
END
Rank:0
1.000000 1.000000 1.000000 1.000000 1.000000
1.000000 0.898438 0.671875 0.773438 0.703125
1.000000 0.671875 0.687500 0.468750 0.589844
1.000000 0.773438 0.468750 0.539062 0.417969
1.000000 0.703125 0.589844 0.417969 0.500000
1.000000 0.753906 0.511719 0.519531 0.253906
1.000000 0.687500 0.593750 0.269531 0.566406
1.000000 0.753906 0.335938 0.582031 0.062500
1.000000 0.562500 0.648438 0.082031 0.750000
1.000000 0.816406 0.199219 0.769531 0.003906
1.000000 0.511719 0.843750 0.039062 0.878906
1.000000 0.945312 0.179688 0.894531 0.003906
1.000000 0.507812 0.917969 0.039062 0.750000
1.000000 0.933594 0.179688 0.750000 0.066406
1.000000 0.507812 0.750000 0.101562 0.562500
1.000000 0.808594 0.242188 0.566406 0.257812
1.000000 0.574219 0.625000 0.308594 0.519531
1.000000 0.804688 0.492188 0.613281 0.515625
1.000000 0.816406 0.808594 0.710938 0.757812
1.000000 1.000000 1.000000 1.000000 1.000000
Rank:1
1.000000 1.000000 1.000000 1.000000 1.000000 1.000000
0.687500 0.703125 0.753906 0.687500 0.753906 0.562500
0.312500 0.589844 0.511719 0.593750 0.335938 0.648438
0.500000 0.417969 0.519531 0.269531 0.582031 0.082031
0.500000 0.500000 0.253906 0.566406 0.062500 0.750000
0.500000 0.253906 0.562500 0.062500 0.750000 0.000000
0.250000 0.566406 0.062500 0.750000 0.000000 0.875000
0.500000 0.062500 0.750000 0.000000 0.875000 0.000000
0.000000 0.750000 0.000000 0.875000 0.000000 0.750000
0.750000 0.003906 0.875000 0.000000 0.750000 0.062500
0.000000 0.878906 0.000000 0.750000 0.062500 0.562500
1.000000 0.003906 0.750000 0.062500 0.562500 0.250000
0.000000 0.750000 0.062500 0.562500 0.250000 0.500000
0.750000 0.066406 0.562500 0.250000 0.500000 0.375000
0.000000 0.562500 0.250000 0.500000 0.375000 0.500000
0.500000 0.257812 0.500000 0.378906 0.503906 0.253906
0.250000 0.519531 0.414062 0.519531 0.289062 0.519531
0.562500 0.515625 0.585938 0.429688 0.593750 0.242188
0.687500 0.757812 0.699219 0.753906 0.570312 0.753906
1.000000 1.000000 1.000000 1.000000 1.000000 1.000000
Rank:2
1.000000 1.000000 1.000000 1.000000 1.000000 1.000000
0.753906 0.562500 0.816406 0.511719 0.945312 0.375000
0.335938 0.648438 0.199219 0.843750 0.179688 1.000000
0.582031 0.082031 0.769531 0.039062 0.894531 0.000000
0.062500 0.750000 0.003906 0.878906 0.003906 0.750000
0.750000 0.000000 0.875000 0.000000 0.750000 0.000000
0.000000 0.875000 0.000000 0.750000 0.062500 0.500000
0.875000 0.000000 0.750000 0.062500 0.562500 0.250000
0.000000 0.750000 0.062500 0.562500 0.250000 0.500000
0.750000 0.062500 0.562500 0.250000 0.500000 0.500000
0.062500 0.562500 0.250000 0.500000 0.375000 0.500000
0.562500 0.250000 0.500000 0.375000 0.500000 0.250000
0.250000 0.500000 0.375000 0.500000 0.250000 0.500000
0.500000 0.375000 0.500000 0.250000 0.500000 0.000000
0.375000 0.500000 0.250000 0.500000 0.062500 0.500000
0.503906 0.253906 0.500000 0.066406 0.503906 0.000000
0.289062 0.519531 0.101562 0.519531 0.039062 0.500000
0.593750 0.242188 0.585938 0.179688 0.593750 0.062500
0.570312 0.753906 0.507812 0.753906 0.507812 0.687500
1.000000 1.000000 1.000000 1.000000 1.000000 1.000000
Rank:3
1.000000 1.000000 1.000000 1.000000 1.000000 1.000000
0.945312 0.507812 0.933594 0.507812 0.750000 0.375000
0.179688 0.917969 0.179688 0.750000 0.179688 0.500000
0.894531 0.039062 0.750000 0.101562 0.562500 0.250000
0.003906 0.750000 0.066406 0.562500 0.285156 0.500000
0.750000 0.062500 0.562500 0.250000 0.500000 0.500000
0.062500 0.562500 0.250000 0.500000 0.406250 0.500000
0.562500 0.250000 0.500000 0.375000 0.500000 0.250000
0.250000 0.500000 0.375000 0.500000 0.218750 0.500000
0.500000 0.375000 0.500000 0.250000 0.500000 0.000000
0.375000 0.500000 0.250000 0.500000 0.062500 0.500000
0.500000 0.250000 0.500000 0.062500 0.500000 0.000000
0.250000 0.500000 0.062500 0.500000 0.000000 0.500000
0.500000 0.062500 0.500000 0.000000 0.500000 0.000000
0.062500 0.500000 0.000000 0.500000 0.000000 0.500000
0.503906 0.003906 0.500000 0.003906 0.503906 0.000000
0.039062 0.519531 0.039062 0.519531 0.050781 0.500000
0.593750 0.179688 0.585938 0.199219 0.578125 0.250000
0.507812 0.753906 0.511719 0.753906 0.539062 0.687500
1.000000 1.000000 1.000000 1.000000 1.000000 1.000000
Rank:4
1.000000 1.000000 1.000000 1.000000 1.000000
0.453125 0.734375 0.593750 0.859375 1.000000
0.625000 0.250000 0.625000 0.671875 1.000000
0.140625 0.515625 0.453125 0.750000 1.000000
0.500000 0.390625 0.562500 0.718750 1.000000
0.375000 0.500000 0.500000 0.718750 1.000000
0.500000 0.390625 0.562500 0.578125 1.000000
0.375000 0.515625 0.250000 0.734375 1.000000
0.500000 0.140625 0.562500 0.453125 1.000000
0.125000 0.500000 0.125000 0.718750 1.000000
0.500000 0.015625 0.562500 0.453125 1.000000
0.000000 0.515625 0.125000 0.734375 1.000000
0.500000 0.015625 0.562500 0.453125 1.000000
0.000000 0.500000 0.125000 0.718750 1.000000
0.500000 0.015625 0.562500 0.468750 1.000000
0.000000 0.515625 0.187500 0.734375 1.000000
0.515625 0.125000 0.562500 0.609375 1.000000
0.187500 0.562500 0.500000 0.734375 1.000000
0.734375 0.609375 0.734375 0.875000 1.000000
1.000000 1.000000 1.000000 1.000000 1.000000
PROCESSORS:5
SIZE:20
END